No.	Longitude (¢XE)	Latitude (¢XN)	Depth (km)	Strike (¢X)	Dip (¢X)	Rake (¢X)	Slip (cm)
1	121.732	24.097	1.41	51.5	75.4	3.6	7.73
2	121.709	24.080	1.40	49.9	74.7	18.8	14.48
3	121.686	24.062	1.18	46.5	76.0	53.1	8.63
4	121.663	24.045	1.42	52.8	74.8	53.4	64.77
5	121.640	24.028	1.77	50.1	75.6	21.2	62.07
6	121.622	24.006	1.99	23.2	76.5	8.0	40.14
7	121.613	23.981	1.76	8.3	77.5	17.6	9.98
8	121.738	24.092	4.29	50.5	73.4	38.7	9.75
9	121.714	24.075	4.07	51.7	73.9	20.3	15.48
10	121.692	24.057	4.33	47.0	74.8	38.1	32.50
11	121.668	24.040	4.04	51.2	76.0	55.3	90.94
12	121.645	24.023	4.53	50.5	74.4	24.4	173.28
13	121.628	24.002	5.03	23.2	75.9	?2.9	85.07
14	121.619	23.976	4.88	10.2	77.7	5.2	38.30
15	121.743	24.087	7.10	49.2	75.1	70.5	13.45
16	121.720	24.070	7.06	51.1	75.1	45.5	11.68
17	121.697	24.053	6.89	47.2	74.4	70.5	10.80
18	121.674	24.035	7.13	53.0	73.7	67.9	13.21
19	121.651	24.018	7.44	51.2	75.0	61.9	42.97
20	121.633	23.997	7.63	23.8	76.3	2.5	37.46
21	121.624	23.971	7.74	9.0	77.4	54.2	76.47
22	121.749	24.083	10.21	51.1	76.0	70.5	4.25
23	121.725	24.065	9.96	52.2	75.9	70.5	2.77
24	121.703	24.048	9.91	48.0	75.7	70.5	4.04
25	121.679	24.030	9.77	52.6	75.5	70.5	0.14
26	121.656	24.013	10.13	50.4	74.1	?19.3	11.19
27	121.639	23.992	10.62	25.0	74.2	56.8	36.34
28	121.629	23.966	10.21	7.9	76.3	68.8	109.28
29	121.754	24.078	13.07	50.8	75.5	70.5	1.15
30	121.731	24.061	13.01	51.4	75.1	64.7	4.49
31	121.708	24.043	12.76	49.1	76.0	?19.3	0.97
32	121.685	24.026	12.80	52.2	75.6	?19.3	7.55
33	121.662	24.008	13.04	48.1	74.3	?14.9	19.32
34	121.645	23.987	13.44	26.4	74.0	47.8	30.76
35	121.635	23.961	12.97	9.1	76.1	67.3	78.18
36	121.759	24.073	15.81	51.1	75.8	25.6	0.00
37	121.736	24.056	15.74	50.7	75.9	25.6	0.00
38	121.713	24.038	15.64	49.1	76.0	25.6	0.00
39	121.690	24.021	15.61	51.2	75.5	?19.3	0.41
40	121.668	24.003	15.97	46.3	74.1	7.6	6.77
41	121.651	23.982	16.25	27.0	73.8	40.0	16.55
42	121.641	23.956	15.81	11.4	76.2	70.5	14.75
43	121.764	24.069	18.63	51.3	76.2	25.6	0.00
44	121.741	24.052	18.58	50.3	76.2	25.6	0.00
45	121.718	24.034	18.47	49.2	76.2	25.6	0.00
46	121.696	24.016	18.69	50.0	75.7	25.6	0.00
47	121.674	23.998	18.89	44.6	74.2	?19.3	4.94
48	121.657	23.976	19.05	26.6	73.8	?19.3	0.57
49	121.647	23.951	18.77	14.0	76.4	70.5	0.80
50	121.609	23.921	1.38	29.3	61.0	2.3	64.82
51	121.593	23.899	1.35	34.6	60.8	26.2	14.08
52	121.573	23.879	1.27	50.8	62.1	1.8	7.31
53	121.556	23.858	1.77	24.2	60.6	14.5	9.18
54	121.545	23.834	1.46	19.1	59.5	23.9	4.44
55	121.537	23.808	1.41	17.9	60.1	23.3	3.62
56	121.526	23.783	0.98	28.6	60.5	66.2	17.52
57	121.511	23.761	1.57	35.7	61.0	70.5	3.06
58	121.500	23.737	1.82	8.9	59.4	6.8	3.09
59	121.496	23.710	1.03	5.5	61.5	21.4	2.75
60	121.622	23.916	4.03	30.5	59.1	45.2	72.82
61	121.607	23.893	4.02	34.3	61.3	42.3	30.77
62	121.587	23.873	3.92	48.3	63.5	?6.3	20.74
63	121.570	23.852	4.56	25.8	59.6	?19.3	9.30
64	121.559	23.828	4.18	18.1	60.8	66.1	6.95
65	121.551	23.802	4.10	17.3	60.7	70.5	2.32
66	121.540	23.778	3.76	31.9	61.1	70.5	6.65
67	121.525	23.755	4.32	35.6	60.7	70.5	10.80
68	121.514	23.731	4.45	6.1	62.2	65.7	5.84
69	121.510	23.705	3.67	8.0	61.9	3.2	5.22
70	121.636	23.910	6.69	30.1	61.1	61.5	119.73
71	121.620	23.888	6.62	34.9	59.8	47.2	14.86
72	121.601	23.867	6.78	48.5	63.3	20.0	17.93
73	121.584	23.846	7.29	25.6	60.3	39.9	16.08
74	121.573	23.822	6.93	18.6	60.2	36.3	6.70
75	121.565	23.796	6.82	16.8	59.8	70.5	3.75
76	121.554	23.772	6.49	31.3	60.2	25.6	0.00
77	121.539	23.749	7.06	34.9	60.0	25.6	0.00
78	121.529	23.725	7.30	6.6	61.0	25.6	0.00
79	121.524	23.699	6.41	7.2	60.1	25.6	0.00
80	121.650	23.904	9.45	29.6	59.8	59.5	14.70
81	121.634	23.882	9.39	34.1	61.6	57.2	6.61
82	121.615	23.862	9.60	48.9	62.9	?19.3	0.95
83	121.598	23.840	9.96	25.3	59.0	?11.3	1.35
84	121.587	23.816	9.69	17.3	60.0	70.5	5.98
85	121.579	23.791	9.56	19.8	60.6	25.6	0.00
86	121.568	23.766	9.20	30.8	60.5	25.6	0.00
87	121.553	23.744	9.76	33.6	60.7	25.6	0.00
88	121.543	23.719	10.03	6.2	59.8	25.6	0.00
89	121.539	23.693	9.17	7.4	61.0	25.6	0.00
90	121.664	23.898	12.13	30.6	61.1	46.0	1.13
91	121.648	23.876	12.11	37.4	61.5	43.7	4.65
92	121.629	23.856	12.29	48.6	63.2	?19.3	0.42
93	121.612	23.835	12.62	24.7	61.0	?18.5	5.99
94	121.602	23.810	12.53	16.5	59.2	?14.1	11.29
95	121.594	23.785	12.46	16.4	60.0	25.6	0.00
96	121.582	23.761	11.92	35.0	61.1	25.6	0.00
97	121.567	23.738	12.55	32.2	60.8	25.6	0.00
98	121.558	23.713	12.74	6.3	60.1	25.6	0.00
99	121.553	23.687	11.93	10.0	60.1	25.6	0.00
100	121.678	23.892	14.91	30.9	60.4	48.6	4.20
101	121.662	23.870	14.89	35.7	60.2	62.5	3.44
102	121.644	23.850	15.11	46.8	58.6	52.1	2.99
103	121.627	23.829	15.40	25.4	55.1	67.6	1.22
104	121.617	23.804	15.22	14.8	56.7	59.3	8.88
105	121.608	23.779	15.00	16.6	56.8	25.6	0.00
106	121.597	23.755	14.79	34.3	59.6	25.6	0.00
107	121.582	23.732	15.30	31.3	54.9	25.6	0.00
108	121.573	23.707	15.27	5.3	55.3	25.6	0.00
109	121.567	23.681	14.59	12.9	60.8	25.6	0.00
110	121.692	23.887	17.64	30.8	59.9	25.6	0.00
111	121.676	23.865	17.56	34.9	59.3	25.6	0.00
112	121.659	23.844	17.69	40.5	56.7	25.6	0.00
113	121.643	23.822	17.88	28.0	53.0	25.6	0.00
114	121.632	23.798	17.72	16.2	55.3	25.6	0.00
115	121.623	23.773	17.58	18.0	57.4	25.6	0.00
116	121.612	23.749	17.57	29.3	58.1	25.6	0.00
117	121.599	23.726	17.89	27.8	54.0	25.6	0.00
118	121.589	23.701	17.75	10.7	55.4	25.6	0.00
119	121.582	23.675	17.50	16.0	59.7	25.6	0.00
120	121.858	24.216	1.31	215.7	56.4	44.8	7.24
121	121.841	24.194	1.31	215.7	56.4	25.6	0.00
122	121.825	24.172	1.31	215.7	56.4	70.5	3.12
123	121.807	24.150	1.31	215.7	56.4	11.4	2.06
124	121.790	24.128	1.31	215.7	56.4	38.2	10.53
125	121.773	24.105	1.31	215.7	56.4	70.5	7.03
126	121.756	24.083	1.31	215.7	56.4	70.5	1.31
127	121.739	24.061	1.31	215.7	56.4	27.6	2.39
128	121.722	24.039	1.31	215.7	56.4	66.0	13.14
129	121.705	24.017	1.31	215.7	56.4	12.1	7.60
130	121.688	23.995	1.31	215.7	56.4	23.6	8.56
131	121.672	23.972	1.31	215.7	56.4	10.7	13.15
132	121.655	23.950	1.31	215.7	56.4	23.0	19.62
133	121.638	23.928	1.31	215.7	56.4	5.2	20.63
134	121.621	23.906	1.31	215.7	56.4	58.2	7.71
135	121.604	23.884	1.31	215.7	56.4	?19.3	10.35
136	121.587	23.862	1.31	215.7	56.4	?19.3	6.93
137	121.845	24.225	3.81	215.7	56.4	42.1	6.19
138	121.828	24.203	3.81	215.7	56.4	?19.3	4.19
139	121.811	24.181	3.81	215.7	56.4	49.3	9.42
140	121.794	24.158	3.81	215.7	56.4	70.5	1.60
141	121.777	24.136	3.81	215.7	56.4	70.5	4.34
142	121.760	24.114	3.81	215.7	56.4	70.5	1.82
143	121.743	24.092	3.81	215.7	56.4	22.6	4.29
144	121.726	24.070	3.81	215.7	56.4	68.7	5.74
145	121.709	24.048	3.81	215.7	56.4	64.0	3.91
146	121.692	24.025	3.81	215.7	56.4	70.5	10.42
147	121.675	24.003	3.81	215.7	56.4	47.2	9.07
148	121.658	23.981	3.81	215.7	56.4	39.7	11.23
149	121.641	23.959	3.81	215.7	56.4	39.8	17.36
150	121.624	23.937	3.81	215.7	56.4	29.2	35.26
151	121.607	23.915	3.81	215.7	56.4	70.5	9.59
152	121.590	23.892	3.81	215.7	56.4	?19.3	1.39
153	121.573	23.870	3.81	215.7	56.4	?19.3	2.81
154	121.832	24.233	6.31	215.7	56.4	70.5	0.43
155	121.815	24.211	6.31	215.7	56.4	19.0	6.31
156	121.798	24.189	6.31	215.7	56.4	25.6	0.00
157	121.781	24.167	6.31	215.7	56.4	70.5	3.52
158	121.764	24.145	6.31	215.7	56.4	59.8	4.71
159	121.747	24.123	6.31	215.7	56.4	25.6	0.00
160	121.730	24.101	6.31	215.7	56.4	14.1	36.84
161	121.713	24.078	6.31	215.7	56.4	12.5	11.30
162	121.696	24.056	6.31	215.7	56.4	70.5	14.57
163	121.679	24.034	6.31	215.7	56.4	?19.3	0.42
164	121.662	24.012	6.31	215.7	56.4	?15.3	9.41
165	121.645	23.990	6.31	215.7	56.4	?19.3	47.42
166	121.628	23.968	6.31	215.7	56.4	70.5	29.26
167	121.611	23.945	6.31	215.7	56.4	?19.3	10.32
168	121.594	23.923	6.31	215.7	56.4	30.0	23.01
169	121.577	23.901	6.31	215.7	56.4	25.6	0.00
170	121.560	23.879	6.31	215.7	56.4	?19.3	6.37
171	121.818	24.242	8.81	215.7	56.4	70.5	0.73
172	121.801	24.220	8.81	215.7	56.4	70.5	2.88
173	121.784	24.198	8.81	215.7	56.4	66.2	3.40
174	121.767	24.176	8.81	215.7	56.4	?19.3	2.46
175	121.750	24.153	8.81	215.7	56.4	?19.3	2.22
176	121.733	24.131	8.81	215.7	56.4	25.6	0.00
177	121.716	24.109	8.81	215.7	56.4	33.5	45.42
178	121.699	24.087	8.81	215.7	56.4	63.3	30.37
179	121.682	24.065	8.81	215.7	56.4	70.5	29.30
180	121.665	24.043	8.81	215.7	56.4	68.1	20.03
181	121.648	24.021	8.81	215.7	56.4	35.0	16.68
182	121.631	23.998	8.81	215.7	56.4	70.4	52.77
183	121.615	23.976	8.81	215.7	56.4	70.5	83.91
184	121.598	23.954	8.81	215.7	56.4	70.5	16.83
185	121.581	23.932	8.81	215.7	56.4	25.6	0.00
186	121.564	23.910	8.81	215.7	56.4	70.5	5.35
187	121.547	23.888	8.81	215.7	56.4	?19.3	0.60
188	121.805	24.251	11.31	215.7	56.4	70.5	1.25
189	121.788	24.229	11.31	215.7	56.4	70.5	2.82
190	121.771	24.206	11.31	215.7	56.4	33.4	2.30
191	121.754	24.184	11.31	215.7	56.4	14.3	5.18
192	121.737	24.162	11.31	215.7	56.4	38.1	0.91
193	121.720	24.140	11.31	215.7	56.4	25.6	0.00
194	121.703	24.118	11.31	215.7	56.4	63.2	4.64
195	121.686	24.096	11.31	215.7	56.4	68.5	12.25
196	121.669	24.073	11.31	215.7	56.4	40.2	14.18
197	121.652	24.051	11.31	215.7	56.4	51.9	15.23
198	121.635	24.029	11.31	215.7	56.4	41.2	39.64
199	121.618	24.007	11.31	215.7	56.4	34.2	41.43
200	121.601	23.985	11.31	215.7	56.4	63.9	51.16
201	121.584	23.963	11.31	215.7	56.4	70.5	27.42
202	121.567	23.941	11.31	215.7	56.4	70.5	5.73
203	121.550	23.918	11.31	215.7	56.4	70.5	1.13
204	121.533	23.896	11.31	215.7	56.4	?19.3	7.62
205	121.792	24.259	13.80	215.7	56.4	70.5	1.69
206	121.775	24.237	13.80	215.7	56.4	70.5	3.28
207	121.758	24.215	13.80	215.7	56.4	?19.3	6.60
208	121.741	24.193	13.80	215.7	56.4	?4.3	9.01
209	121.724	24.171	13.80	215.7	56.4	70.5	0.83
210	121.707	24.149	13.80	215.7	56.4	70.5	0.56
211	121.690	24.126	13.80	215.7	56.4	25.6	0.00
212	121.673	24.104	13.80	215.7	56.4	?19.3	7.38
213	121.656	24.082	13.80	215.7	56.4	?19.3	19.16
214	121.639	24.060	13.80	215.7	56.4	?19.3	17.39
215	121.622	24.038	13.80	215.7	56.4	?18.2	22.83
216	121.605	24.016	13.80	215.7	56.4	?3.2	25.96
217	121.588	23.993	13.80	215.7	56.4	36.3	16.67
218	121.571	23.971	13.80	215.7	56.4	66.7	19.55
219	121.554	23.949	13.80	215.7	56.4	70.5	10.61
220	121.537	23.927	13.80	215.7	56.4	70.1	3.36
221	121.520	23.905	13.80	215.7	56.4	?19.3	5.96
222	121.778	24.268	16.30	215.7	56.4	25.6	0.00
223	121.761	24.246	16.30	215.7	56.4	70.5	0.07
224	121.744	24.224	16.30	215.7	56.4	?19.3	1.48
225	121.727	24.202	16.30	215.7	56.4	?19.3	8.78
226	121.710	24.179	16.30	215.7	56.4	25.6	0.00
227	121.693	24.157	16.30	215.7	56.4	25.6	0.00
228	121.676	24.135	16.30	215.7	56.4	25.6	0.00
229	121.659	24.113	16.30	215.7	56.4	?19.3	5.02
230	121.642	24.091	16.30	215.7	56.4	?19.3	11.97
231	121.625	24.069	16.30	215.7	56.4	?19.3	8.42
232	121.608	24.046	16.30	215.7	56.4	?19.3	2.25
233	121.591	24.024	16.30	215.7	56.4	?19.3	4.41
234	121.574	24.002	16.30	215.7	56.4	29.3	1.09
235	121.557	23.980	16.30	215.7	56.4	65.4	6.43
236	121.540	23.958	16.30	215.7	56.4	22.6	0.50
237	121.523	23.936	16.30	215.7	56.4	?19.3	0.68
238	121.507	23.913	16.30	215.7	56.4	?19.3	1.53
239	121.765	24.277	18.80	215.7	56.4	25.6	0.00
240	121.748	24.254	18.80	215.7	56.4	70.5	2.80
241	121.731	24.232	18.80	215.7	56.4	25.6	0.00
242	121.714	24.210	18.80	215.7	56.4	?19.3	2.87
243	121.697	24.188	18.80	215.7	56.4	25.6	0.00
244	121.680	24.166	18.80	215.7	56.4	25.6	0.00
245	121.663	24.144	18.80	215.7	56.4	25.6	0.00
246	121.646	24.122	18.80	215.7	56.4	25.6	0.00
247	121.629	24.099	18.80	215.7	56.4	25.6	0.00
248	121.612	24.077	18.80	215.7	56.4	?19.3	2.66
249	121.595	24.055	18.80	215.7	56.4	?19.3	0.93
250	121.578	24.033	18.80	215.7	56.4	?19.3	6.16
251	121.561	24.011	18.80	215.7	56.4	?19.3	1.75
252	121.544	23.989	18.80	215.7	56.4	?19.3	2.90
253	121.527	23.966	18.80	215.7	56.4	25.6	0.00
254	121.510	23.944	18.80	215.7	56.4	?19.3	0.01
255	121.493	23.922	18.80	215.7	56.4	?19.3	1.53
256	121.752	24.285	21.30	215.7	56.4	25.6	0.00
257	121.734	24.263	21.30	215.7	56.4	25.6	0.00
258	121.717	24.241	21.30	215.7	56.4	25.6	0.00
259	121.701	24.219	21.30	215.7	56.4	25.6	0.00
260	121.684	24.197	21.30	215.7	56.4	25.6	0.00
261	121.666	24.174	21.30	215.7	56.4	25.6	0.00
262	121.649	24.152	21.30	215.7	56.4	25.6	0.00
263	121.632	24.130	21.30	215.7	56.4	25.6	0.00
264	121.616	24.108	21.30	215.7	56.4	25.6	0.00
265	121.599	24.086	21.30	215.7	56.4	25.6	0.00
266	121.582	24.064	21.30	215.7	56.4	?19.3	0.28
267	121.565	24.042	21.30	215.7	56.4	?19.3	1.52
268	121.548	24.019	21.30	215.7	56.4	25.6	0.00
269	121.531	23.997	21.30	215.7	56.4	25.6	0.00
270	121.514	23.975	21.30	215.7	56.4	25.6	0.00
271	121.497	23.953	21.30	215.7	56.4	25.6	0.00
272	121.480	23.931	21.30	215.7	56.4	25.6	0.00
