#Total number of fault_segments=           3
#Fault_segment =   1 nx(Along-strike)= 16 Dx =  5.00km ny(downdip)=   6 Dy =  5.00km
#Boundary of Fault_segment    1. EQ in cell ( 7, 3). Lon:   37.2030   Lat:   38.0240
 #Lon.  Lat.  Depth
   37.5417671       37.9802399      0.651922464    
   37.5469513       38.0190926       25.2721157    
   36.6948471       38.0896416       25.2721157    
   36.6896629       38.0507889      0.651922464    
   37.5417671       37.9802399      0.651922464    
 #Lat. Lon. depth slip rake strike dip t_rup t_ris t_fal mo
     37.980240     37.541767      0.651922     99.074997    365.836060    276.000000     80.000000      6.149596      4.000000      2.500000  0.837407E+25
     37.984943     37.484962      0.651922     92.732956    376.235474    276.000000     80.000000      5.895604      1.000000      7.000000  0.783802E+25
     37.989643     37.428154      0.651922    111.892532    325.901520    276.000000     80.000000      5.065578      4.000000      2.500000  0.945744E+25
     37.994347     37.371349      0.651922    137.203476    350.157257    276.000000     80.000000      4.277774      5.500000      1.000000  0.115968E+26
     37.999050     37.314541      0.651922     59.172215    288.324554    276.000000     80.000000      2.971298      2.500000      2.500000  0.500138E+25
     38.003754     37.257732      0.651922    135.864868    289.491119    276.000000     80.000000      2.632789      4.000000      2.500000  0.114836E+26
     38.008457     37.200928      0.651922     72.644943    285.237244    276.000000     80.000000      3.018182      4.000000      1.000000  0.614013E+25
     38.013161     37.144119      0.651922      2.648233    423.247864    276.000000     80.000000      3.832789     14.500000     23.500000  0.223835E+24
     38.017864     37.087311      0.651922     28.622849    289.618103    276.000000     80.000000      4.971297      1.000000      1.000000  0.241927E+25
     38.022568     37.030506      0.651922     57.422131    434.569763    276.000000     80.000000      6.277774      1.000000      2.500000  0.485346E+25
     38.027271     36.973698      0.651922      0.843360    321.899078    276.000000     80.000000      6.865578     11.500000     14.500000  0.712829E+23
     38.031975     36.916893      0.651922     29.191692    434.585266    276.000000     80.000000      7.095604     17.500000     14.500000  0.246735E+25
     38.036678     36.860085      0.651922     19.360054    434.272186    276.000000     80.000000      7.149596     17.500000      8.500000  0.163636E+25
     38.041382     36.803276      0.651922     71.325371    433.995941    276.000000     80.000000      7.218282     20.500000     25.000000  0.602860E+25
     38.046085     36.746471      0.651922     94.862976    368.959808    276.000000     80.000000      8.496555      4.000000      1.000000  0.801806E+25
     38.050789     36.689663      0.651922     88.205566    359.782104    276.000000     80.000000     10.181404     29.500000      2.500000  0.745536E+25
     37.988010     37.542805      5.575961    753.675659    336.750610    276.000000     80.000000      6.329784      1.000000      2.500000  0.637026E+26
     37.992714     37.486000      5.575961    761.385193    327.420471    276.000000     80.000000      6.235472      5.500000      2.500000  0.643542E+26
     37.997417     37.429192      5.575961    692.905396    326.731049    276.000000     80.000000      5.148278      7.000000      1.000000  0.585661E+26
     38.002117     37.372383      5.575961    730.953735    337.038971    276.000000     80.000000      3.674798      5.500000      4.000000  0.617820E+26
     38.006821     37.315578      5.575961    696.767151    337.917999    276.000000     80.000000      2.232789      2.500000      8.500000  0.588925E+26
     38.011524     37.258770      5.575961    740.416870    339.175262    276.000000     80.000000      1.685649      4.000000      7.000000  0.625819E+26
     38.016228     37.201962      5.575961    791.626038    341.681030    276.000000     80.000000      1.709091      4.000000      2.500000  0.669102E+26
     38.020931     37.145157      5.575961    801.281128    341.273102    276.000000     80.000000      2.485649      4.000000      2.500000  0.677263E+26
     38.025635     37.088348      5.575961    714.150635    348.860443    276.000000     80.000000      4.032789      2.500000      2.500000  0.603618E+26
     38.030338     37.031544      5.575961    509.619537    362.054840    276.000000     80.000000      5.474798      1.000000      4.000000  0.430743E+26
     38.035042     36.974735      5.575961    354.352570    374.454285    276.000000     80.000000      6.348278      4.000000      1.000000  0.299508E+26
     38.039745     36.917927      5.575961    322.456818    383.087616    276.000000     80.000000      6.835472      4.000000      2.500000  0.272549E+26
     38.044449     36.861122      5.575961    374.418915    372.876282    276.000000     80.000000      6.929784      5.500000      1.000000  0.316468E+26
     38.049152     36.804314      5.575961    466.681702    351.233154    276.000000     80.000000      7.228244      5.500000      1.000000  0.394451E+26
     38.053856     36.747505      5.575961    591.908875    333.364197    276.000000     80.000000      8.329325      5.500000      1.000000  0.500296E+26
     38.058559     36.690701      5.575961    597.790405    332.637482    276.000000     80.000000     10.432168      5.500000      1.000000  0.505267E+26
     37.995781     37.543842     10.500000    797.353943    314.610779    276.000000     80.000000      8.054545     29.500000      8.500000  0.673943E+26
     38.000484     37.487034     10.500000    893.905029    316.681824    276.000000     80.000000      7.545455      5.500000      1.000000  0.755551E+26
     38.005188     37.430229     10.500000    833.181213    335.458618    276.000000     80.000000      5.836364      1.000000      4.000000  0.704226E+26
     38.009892     37.373421     10.500000    824.369629    349.768127    276.000000     80.000000      3.927273      4.000000      5.500000  0.696778E+26
     38.014595     37.316612     10.500000    849.551208    353.141693    276.000000     80.000000      2.218182      1.000000      8.500000  0.718062E+26
     38.019295     37.259808     10.500000    927.715698    344.936249    276.000000     80.000000      1.109091      4.000000      2.500000  0.784128E+26
     38.023998     37.202999     10.500000   1052.176758    334.789703    276.000000     80.000000      0.000000      1.000000      4.000000  0.889326E+26
     38.028702     37.146194     10.500000   1151.038940    333.582092    276.000000     80.000000      1.109091      1.000000      7.000000  0.972887E+26
     38.033405     37.089386     10.500000   1060.356445    336.433716    276.000000     80.000000      2.618182      1.000000      4.000000  0.896240E+26
     38.038109     37.032578     10.500000    726.215637    338.306000    276.000000     80.000000      4.927273      2.500000      4.000000  0.613816E+26
     38.042812     36.975773     10.500000    531.056030    333.755585    276.000000     80.000000      6.236364      1.000000      5.500000  0.448862E+26
     38.047516     36.918964     10.500000    508.727448    336.236542    276.000000     80.000000      6.545455      2.500000      4.000000  0.429989E+26
     38.052219     36.862156     10.500000    613.192200    342.632172    276.000000     80.000000      6.654546      1.000000      7.000000  0.518285E+26
     38.056923     36.805351     10.500000    797.261414    344.024139    276.000000     80.000000      7.363636      1.000000      5.500000  0.673865E+26
     38.061626     36.748543     10.500000    880.241150    342.017792    276.000000     80.000000      8.872727      1.000000      4.000000  0.744002E+26
     38.066330     36.691738     10.500000    806.516296    336.843414    276.000000     80.000000     11.381818      1.000000      2.500000  0.681688E+26
     38.003551     37.544880     15.424039    579.683716    290.887939    276.000000     80.000000      9.529784     29.500000     19.000000  0.489963E+26
     38.008255     37.488071     15.424039    557.290527    300.582703    276.000000     80.000000      8.635472     29.500000     26.500000  0.471036E+26
     38.012959     37.431267     15.424039    482.271393    342.987335    276.000000     80.000000      6.748278      4.000000      1.000000  0.407628E+26
     38.017662     37.374458     15.424039    547.582703    377.343536    276.000000     80.000000      4.674798      4.000000      1.000000  0.462831E+26
     38.022366     37.317650     15.424039    586.338501    379.953369    276.000000     80.000000      2.632789      1.000000      4.000000  0.495588E+26
     38.027069     37.260845     15.424039    621.673767    366.080231    276.000000     80.000000      1.485649      1.000000      5.500000  0.525454E+26
     38.031773     37.204037     15.424039    769.845520    346.580536    276.000000     80.000000      1.109091      7.000000      4.000000  0.650693E+26
     38.036472     37.147228     15.424039    838.974915    343.019836    276.000000     80.000000      1.685649      1.000000      8.500000  0.709123E+26
     38.041176     37.090424     15.424039    799.002258    335.685272    276.000000     80.000000      3.432789      4.000000      4.000000  0.675337E+26
     38.045879     37.033615     15.424039    585.831909    321.012726    276.000000     80.000000      5.274798      4.000000      2.500000  0.495160E+26
     38.050583     36.976810     15.424039    493.891083    298.765381    276.000000     80.000000      6.548278     28.000000     23.500000  0.417449E+26
     38.055286     36.920002     15.424039    451.391937    303.957703    276.000000     80.000000      6.835472      7.000000      4.000000  0.381528E+26
     38.059990     36.863194     15.424039    525.588318    322.818451    276.000000     80.000000      6.929784      1.000000      5.500000  0.444240E+26
     38.064693     36.806389     15.424039    610.499573    332.128540    276.000000     80.000000      8.028244      1.000000      4.000000  0.516010E+26
     38.069397     36.749580     15.424039    640.309998    329.151581    276.000000     80.000000      9.929325      4.000000      4.000000  0.541206E+26
     38.074100     36.692772     15.424039    598.247131    322.285278    276.000000     80.000000     12.632168     29.500000     26.500000  0.505653E+26
     38.011322     37.545918     20.348078    296.029968    285.983978    276.000000     80.000000     10.749596      8.500000      2.500000  0.284878E+26
     38.016026     37.489109     20.348078    216.362640    287.618805    276.000000     80.000000      9.495604     29.500000     20.500000  0.208212E+26
     38.020729     37.432301     20.348078    198.340530    392.217438    276.000000     80.000000      7.665578      1.000000      1.000000  0.190869E+26
     38.025433     37.375496     20.348078    381.735168    424.776825    276.000000     80.000000      5.477774      2.500000      2.500000  0.367355E+26
     38.030136     37.318687     20.348078    368.343506    427.060608    276.000000     80.000000      3.571297     13.000000      1.000000  0.354467E+26
     38.034840     37.261879     20.348078    339.781250    405.812469    276.000000     80.000000      2.632789      4.000000      1.000000  0.326981E+26
     38.039543     37.205074     20.348078    341.128906    382.543945    276.000000     80.000000      2.418182      2.500000      5.500000  0.328278E+26
     38.044247     37.148266     20.348078    369.344818    375.949768    276.000000     80.000000      3.032789      4.000000      4.000000  0.355431E+26
     38.048950     37.091461     20.348078    267.639191    350.968292    276.000000     80.000000      4.371297      4.000000      2.500000  0.257557E+26
     38.053650     37.034653     20.348078    212.985336    297.032227    276.000000     80.000000      5.877774     29.500000     29.500000  0.204962E+26
     38.058353     36.977844     20.348078    283.655212    286.399719    276.000000     80.000000      6.865578     13.000000      1.000000  0.272970E+26
     38.063057     36.921040     20.348078    281.803925    287.547058    276.000000     80.000000      7.295604     28.000000     23.500000  0.271188E+26
     38.067760     36.864231     20.348078    279.659363    289.998657    276.000000     80.000000      7.949595     28.000000     28.000000  0.269124E+26
     38.072464     36.807423     20.348078    297.335358    298.623779    276.000000     80.000000      9.218282      7.000000      5.500000  0.286134E+26
     38.077168     36.750618     20.348078    330.313812    304.924225    276.000000     80.000000     11.296556     20.500000      4.000000  0.317870E+26
     38.081871     36.693810     20.348078    361.937714    305.985016    276.000000     80.000000     14.181404      2.500000      1.000000  0.348303E+26
     38.019093     37.546951     25.272116    114.080536    290.474487    276.000000     80.000000     11.498367     29.500000     28.000000  0.109783E+26
     38.023796     37.490147     25.272116      2.187917    319.118469    276.000000     80.000000     10.100865     19.000000      4.000000  0.210549E+24
     38.028500     37.433338     25.272116    162.136551    429.219360    276.000000     80.000000      8.545454      2.500000      2.500000  0.156029E+26
     38.033203     37.376530     25.272116    287.651794    434.210144    276.000000     80.000000      6.456946      4.000000      4.000000  0.276816E+26
     38.037907     37.319725     25.272116    258.917572    433.711487    276.000000     80.000000      4.477774      2.500000     28.000000  0.249164E+26
     38.042610     37.262917     25.272116    194.612244    429.595551    276.000000     80.000000      3.674798      7.000000      1.000000  0.187281E+26
     38.047314     37.206112     25.272116    185.031189    432.500458    276.000000     80.000000      3.527273     19.000000      1.000000  0.178061E+26
     38.052017     37.149303     25.272116    208.820984    433.614502    276.000000     80.000000      4.474798      4.000000      1.000000  0.200954E+26
     38.056721     37.092495     25.272116    131.834625    434.724701    276.000000     80.000000      5.477774      1.000000      2.500000  0.126868E+26
     38.061424     37.035690     25.272116      3.253956    402.578644    276.000000     80.000000      6.656946     10.000000      1.000000  0.313137E+24
     38.066124     36.978882     25.272116     57.441174    288.620361    276.000000     80.000000      7.145454     10.000000      1.000000  0.552773E+25
     38.070827     36.922073     25.272116      9.716455    294.441162    276.000000     80.000000      7.900866      4.000000      7.000000  0.935042E+24
     38.075531     36.865269     25.272116     54.448971    293.682648    276.000000     80.000000      8.698367      4.000000      4.000000  0.523978E+25
     38.080235     36.808460     25.272116     92.164070    293.507599    276.000000     80.000000     10.123430      1.000000      2.500000  0.886921E+25
     38.084938     36.751656     25.272116    124.403282    291.160126    276.000000     80.000000     12.167276     26.500000     23.500000  0.119717E+26
     38.089642     36.694847     25.272116    145.991287    299.648895    276.000000     80.000000     15.224394      1.000000      2.500000  0.140492E+26
#Fault_segment =   2 nx(Along-strike)=  7 Dx =  5.00km ny(downdip)=   6 Dy =  5.00km
#Boundary of Fault_segment    2. EQ in cell ( 7, 3). Lon:   37.2030   Lat:   38.0240
 #Lon.  Lat.  Depth
   36.6315422       38.0349693      0.651922464    
   36.6145782       38.0716820       25.2721157    
   36.2924423       37.9793434       25.2721157    
   36.3094101       37.9426346      0.651922464    
   36.6315422       38.0349693      0.651922464    
 #Lat. Lon. depth slip rake strike dip t_rup t_ris t_fal mo
     38.034969     36.631542      0.651922    206.517990    386.129456    250.000000     80.000000     11.181404      1.000000      4.000000  0.174554E+26
     38.019581     36.577854      0.651922     62.816265    373.778107    250.000000     80.000000     15.070945     29.500000     29.500000  0.530939E+25
     38.004192     36.524166      0.651922     23.005632    331.845764    250.000000     80.000000     18.363945     14.500000     11.500000  0.194449E+25
     37.988804     36.470478      0.651922      0.700697    407.896088    250.000000     80.000000     21.259567     11.500000      8.500000  0.592247E+23
     37.973412     36.416786      0.651922     44.356163    418.287231    250.000000     80.000000     24.157223     22.000000      8.500000  0.374909E+25
     37.958023     36.363098      0.651922    104.976509    431.396912    250.000000     80.000000     26.456488     11.500000      1.000000  0.887288E+25
     37.942635     36.309410      0.651922     31.766130    433.225464    250.000000     80.000000     27.757042     16.000000      2.500000  0.268495E+25
     38.042313     36.628151      5.575961    717.397461    350.256958    250.000000     80.000000     12.032168      4.000000      2.500000  0.606362E+26
     38.026924     36.574463      5.575961    496.821442    354.533569    250.000000     80.000000     15.936251      1.000000      4.000000  0.419926E+26
     38.011536     36.520771      5.575961    302.397491    365.584259    250.000000     80.000000     19.041237      1.000000      1.000000  0.255594E+26
     37.996143     36.467083      5.575961     61.791195    348.978943    250.000000     80.000000     22.346905     11.500000      4.000000  0.522275E+25
     37.980755     36.413395      5.575961     16.433254    331.686401    250.000000     80.000000     25.253096      8.500000      8.500000  0.138898E+25
     37.965366     36.359703      5.575961     21.033855    406.671967    250.000000     80.000000     27.359699     10.000000      7.000000  0.177783E+25
     37.949974     36.306015      5.575961      3.125776    408.583038    250.000000     80.000000     28.666634     25.000000      4.000000  0.264198E+24
     38.049656     36.624756     10.500000    722.119446    332.392181    250.000000     80.000000     13.581818     29.500000      2.500000  0.610353E+26
     38.034267     36.571068     10.500000    509.658997    346.054932    250.000000     80.000000     17.490910     22.000000     28.000000  0.430777E+26
     38.018875     36.517380     10.500000    263.253845    369.863953    250.000000     80.000000     21.000000     26.500000      1.000000  0.222509E+26
     38.003487     36.463692     10.500000     93.743942    396.015137    250.000000     80.000000     24.309092     29.500000     16.000000  0.792347E+25
     37.988098     36.410000     10.500000     36.514000    406.779297    250.000000     80.000000     27.218182     26.500000     19.000000  0.308625E+25
     37.972706     36.356312     10.500000      2.721993    333.594452    250.000000     80.000000     29.127274     11.500000      1.000000  0.230070E+24
     37.957317     36.302624     10.500000     45.956589    296.924835    250.000000     80.000000     30.436365      7.000000      2.500000  0.388437E+25
     38.056999     36.621365     15.424039    534.956665    313.360229    250.000000     80.000000     15.232168     20.500000      2.500000  0.452159E+26
     38.041607     36.567677     15.424039    343.120941    333.010101    250.000000     80.000000     19.336250     16.000000      4.000000  0.290014E+26
     38.026218     36.513985     15.424039    212.673965    395.836121    250.000000     80.000000     23.241238     29.500000     28.000000  0.179757E+26
     38.010830     36.460297     15.424039    215.245117    432.183655    250.000000     80.000000     26.546906     28.000000     25.000000  0.181931E+26
     37.995438     36.406609     15.424039    116.770813    431.574585    250.000000     80.000000     29.253094     19.000000      1.000000  0.986976E+25
     37.980049     36.352917     15.424039      4.188587    387.063690    250.000000     80.000000     30.959700     17.500000     29.500000  0.354030E+24
     37.964661     36.299229     15.424039      1.862758    433.851532    250.000000     80.000000     32.066631     28.000000     11.500000  0.157445E+24
     38.064339     36.617970     20.348078    299.456635    294.231842    250.000000     80.000000     16.781404     22.000000      2.500000  0.288176E+26
     38.048950     36.564281     20.348078    128.453018    325.748718    250.000000     80.000000     21.070946     14.500000      5.500000  0.123614E+26
     38.033562     36.510593     20.348078    170.250626    423.679321    250.000000     80.000000     25.163944     29.500000     29.500000  0.163837E+26
     38.018173     36.456902     20.348078    264.495361    431.602051    250.000000     80.000000     28.459568     29.500000     29.500000  0.254531E+26
     38.002781     36.403214     20.348078    206.456558    434.335541    250.000000     80.000000     30.957224     29.500000     20.500000  0.198679E+26
     37.987392     36.349525     20.348078     55.043198    434.228546    250.000000     80.000000     32.656487     26.500000     23.500000  0.529696E+25
     37.972004     36.295837     20.348078      4.261983    376.309753    250.000000     80.000000     33.557045      2.500000     20.500000  0.410143E+24
     38.071682     36.614578     25.272116    149.443481    292.810516    250.000000     80.000000     17.624393     14.500000      1.000000  0.143814E+26
     38.056293     36.560886     25.272116     42.900894    289.580841    250.000000     80.000000     21.891190      4.000000     11.500000  0.412848E+25
     38.040905     36.507198     25.272116    130.856155    434.132690    250.000000     80.000000     26.165232     29.500000     29.500000  0.125927E+26
     38.025513     36.453510     25.272116    200.969193    434.384674    250.000000     80.000000     29.444836     29.500000     16.000000  0.193398E+26
     38.010124     36.399822     25.272116    157.058609    433.739044    250.000000     80.000000     31.928787     26.500000     28.000000  0.151142E+26
     37.994736     36.346130     25.272116     61.808041    431.589417    250.000000     80.000000     33.616203     26.500000      2.500000  0.594796E+25
     37.979343     36.292442     25.272116      2.520998    406.710388    250.000000     80.000000     34.706417     26.500000     23.500000  0.242603E+24
#Fault_segment =   3 nx(Along-strike)= 16 Dx =  5.00km ny(downdip)=   6 Dy =  5.00km
#Boundary of Fault_segment    3. EQ in cell ( 7, 3). Lon:   37.2030   Lat:   38.0240
 #Lon.  Lat.  Depth
   37.6024933       37.9609985      0.651922464    
   37.6272736       37.9271622       25.2721157    
   38.3687134       38.2646370       25.2721157    
   38.3439369       38.2984695      0.651922464    
   37.6024933       37.9609985      0.651922464    
 #Lat. Lon. depth slip rake strike dip t_rup t_ris t_fal mo
     37.960999     37.602493      0.651922    152.432968    321.241455     60.000000     80.000000      7.896556      2.500000      2.500000  0.128840E+26
     37.983494     37.651924      0.651922    200.835434    319.024841     60.000000     80.000000      8.781404      1.000000      1.000000  0.169751E+26
     38.005993     37.701355      0.651922    165.628433    301.862946     60.000000     80.000000     10.270945      7.000000      1.000000  0.139993E+26
     38.028492     37.750782      0.651922    157.508545    344.801666     60.000000     80.000000     12.163945      1.000000      4.000000  0.133130E+26
     38.050991     37.800213      0.651922    148.628998    344.134399     60.000000     80.000000     14.259568     11.500000      1.000000  0.125625E+26
     38.073486     37.849640      0.651922     69.465706    350.066650     60.000000     80.000000     16.157225     10.000000      1.000000  0.587142E+25
     38.095985     37.899071      0.651922     75.294067    334.493988     60.000000     80.000000     18.256487      8.500000      2.500000  0.636404E+25
     38.118484     37.948502      0.651922     81.234138    346.806091     60.000000     80.000000     19.957043      7.000000      2.500000  0.686611E+25
     38.140984     37.997929      0.651922     23.343889    419.455109     60.000000     80.000000     21.258650     17.500000     11.500000  0.197308E+25
     38.163483     38.047359      0.651922     94.287025    386.106323     60.000000     80.000000     21.561131      7.000000      1.000000  0.796938E+25
     38.185978     38.096790      0.651922     97.398323    355.049011     60.000000     80.000000     21.464336      7.000000      1.000000  0.823235E+25
     38.208477     38.146217      0.651922     80.802872    392.282043     60.000000     80.000000     20.768158      7.000000      2.500000  0.682966E+25
     38.230976     38.195648      0.651922    114.691330    418.499329     60.000000     80.000000     20.072500      1.000000      1.000000  0.969400E+25
     38.253475     38.245075      0.651922     81.423676    368.383698     60.000000     80.000000     20.377295      4.000000      1.000000  0.688213E+25
     38.275970     38.294506      0.651922     68.158775    351.748535     60.000000     80.000000     21.082474      1.000000      1.000000  0.576095E+25
     38.298470     38.343937      0.651922    112.660194    324.484222     60.000000     80.000000     21.987993      5.500000      2.500000  0.952232E+25
     37.954231     37.607449      5.575961    487.084869    344.637177     60.000000     80.000000      7.729325      1.000000      1.000000  0.411696E+26
     37.976730     37.656879      5.575961    328.166901    351.072113     60.000000     80.000000      9.032168      8.500000      1.000000  0.277375E+26
     37.999226     37.706310      5.575961    212.549606    341.031891     60.000000     80.000000     10.336250      1.000000      1.000000  0.179652E+26
     38.021725     37.755737      5.575961    217.822556    366.398834     60.000000     80.000000     12.241237      1.000000      2.500000  0.184109E+26
     38.044224     37.805168      5.575961    213.113632    344.853210     60.000000     80.000000     13.946904     13.000000      4.000000  0.180129E+26
     38.066723     37.854599      5.575961    190.352051    336.630219     60.000000     80.000000     15.653095     11.500000      1.000000  0.160890E+26
     38.089218     37.904026      5.575961    168.537659    341.956451     60.000000     80.000000     17.759699      8.500000      4.000000  0.142452E+26
     38.111717     37.953457      5.575961    209.272095    339.641602     60.000000     80.000000     19.466633      8.500000      1.000000  0.176882E+26
     38.134216     38.002884      5.575961    220.346725    350.784088     60.000000     80.000000     20.973837      5.500000      1.000000  0.186243E+26
     38.156715     38.052315      5.575961    256.308716    353.832336     60.000000     80.000000     21.481260      5.500000      1.000000  0.216639E+26
     38.179211     38.101746      5.575961    228.515594    355.714355     60.000000     80.000000     21.388870      5.500000      2.500000  0.193147E+26
     38.201710     38.151173      5.575961    167.263687    371.203735     60.000000     80.000000     20.696634      1.000000      2.500000  0.141375E+26
     38.224209     38.200603      5.575961    112.942863    381.398315     60.000000     80.000000     20.404531      1.000000      4.000000  0.954621E+25
     38.246708     38.250034      5.575961     43.124516    363.779694     60.000000     80.000000     20.912540      5.500000      7.000000  0.364499E+25
     38.269207     38.299461      5.575961     59.323174    308.676819     60.000000     80.000000     21.420650      1.000000      4.000000  0.501414E+25
     38.291702     38.348892      5.575961     82.222809    288.685730     60.000000     80.000000     22.328844     29.500000     20.500000  0.694968E+25
     37.947464     37.612404     10.500000    421.006439    333.937531     60.000000     80.000000      9.272728      2.500000      1.000000  0.355845E+26
     37.969963     37.661835     10.500000    246.752823    370.307007     60.000000     80.000000     10.181818      7.000000      1.000000  0.208562E+26
     37.992458     37.711266     10.500000    172.925537    396.209229     60.000000     80.000000     11.290909      1.000000      4.000000  0.146161E+26
     38.014957     37.760693     10.500000    137.765747    390.325745     60.000000     80.000000     12.600000      7.000000      1.000000  0.116443E+26
     38.037457     37.810123     10.500000    136.481552    335.760071     60.000000     80.000000     13.709091      4.000000      2.500000  0.115358E+26
     38.059956     37.859554     10.500000    120.429024    314.992432     60.000000     80.000000     15.218182      1.000000      1.000000  0.101790E+26
     38.082455     37.908981     10.500000     81.197845    315.869476     60.000000     80.000000     17.127274     10.000000      7.000000  0.686304E+25
     38.104950     37.958412     10.500000    114.183411    326.453857     60.000000     80.000000     18.836365     10.000000      1.000000  0.965107E+25
     38.127449     38.007839     10.500000    179.491730    335.743988     60.000000     80.000000     20.345455      8.500000      1.000000  0.151711E+26
     38.149948     38.057270     10.500000    249.017349    347.591980     60.000000     80.000000     21.254545      8.500000      1.000000  0.210476E+26
     38.172447     38.106701     10.500000    240.218307    353.134979     60.000000     80.000000     21.363636      7.000000      4.000000  0.203039E+26
     38.194942     38.156128     10.500000    145.929718    360.942902     60.000000     80.000000     21.272728      8.500000      1.000000  0.123343E+26
     38.217442     38.205559     10.500000     23.826490    403.809814     60.000000     80.000000     21.181818      4.000000     11.500000  0.201387E+25
     38.239941     38.254990     10.500000     14.133383    414.180573     60.000000     80.000000     21.490910      8.500000      4.000000  0.119459E+25
     38.262440     38.304417     10.500000     68.241951    413.111389     60.000000     80.000000     22.400000      8.500000      2.500000  0.576798E+25
     38.284935     38.353848     10.500000    154.002319    431.891113     60.000000     80.000000     23.109091     10.000000      1.000000  0.130167E+26
     37.940697     37.617363     15.424039    321.999359    301.556610     60.000000     80.000000     11.129325     14.500000      2.500000  0.272162E+26
     37.963196     37.666790     15.424039     78.298317    339.537323     60.000000     80.000000     11.632168     13.000000      7.000000  0.661797E+25
     37.985695     37.716221     15.424039     79.762131    433.511353     60.000000     80.000000     12.336250     29.500000      1.000000  0.674169E+25
     38.008190     37.765648     15.424039     64.838104    427.081818     60.000000     80.000000     13.041237      2.500000     11.500000  0.548028E+25
     38.030689     37.815079     15.424039      1.878829    339.825226     60.000000     80.000000     13.746904     23.500000      7.000000  0.158803E+24
     38.053188     37.864510     15.424039     67.325607    289.626923     60.000000     80.000000     14.653095      1.000000      2.500000  0.569053E+25
     38.075687     37.913937     15.424039      9.419566    337.711365     60.000000     80.000000     16.159698      2.500000      2.500000  0.796165E+24
     38.098183     37.963367     15.424039      0.792627    398.241028     60.000000     80.000000     18.066633     16.000000     16.000000  0.669948E+23
     38.120682     38.012798     15.424039     25.813816    315.739349     60.000000     80.000000     19.573837      5.500000     10.000000  0.218185E+25
     38.143181     38.062225     15.424039     93.394096    367.961151     60.000000     80.000000     20.881260      8.500000      1.000000  0.789390E+25
     38.165680     38.111656     15.424039    127.007233    378.302338     60.000000     80.000000     21.588871      8.500000      2.500000  0.107350E+26
     38.188179     38.161083     15.424039     65.051308    385.372009     60.000000     80.000000     21.896635      7.000000      2.500000  0.549830E+25
     38.210674     38.210514     15.424039     14.984009    422.265839     60.000000     80.000000     22.004530     23.500000     14.500000  0.126649E+25
     38.233173     38.259945     15.424039     17.274982    425.804718     60.000000     80.000000     22.312542      4.000000     17.500000  0.146012E+25
     38.255672     38.309372     15.424039    121.649956    416.693970     60.000000     80.000000     23.020651      4.000000      2.500000  0.102822E+26
     38.278172     38.358803     15.424039    131.828445    433.370392     60.000000     80.000000     23.728844      8.500000      1.000000  0.111425E+26
     37.933929     37.622318     20.348078    202.834351    288.210785     60.000000     80.000000     12.496555     14.500000      1.000000  0.195193E+26
     37.956429     37.671745     20.348078     56.828194    322.270142     60.000000     80.000000     12.781404     10.000000     10.000000  0.546874E+25
     37.978928     37.721176     20.348078     38.747543    424.936401     60.000000     80.000000     13.070945      2.500000      1.000000  0.372879E+25
     38.001427     37.770603     20.348078     25.084488    414.676666     60.000000     80.000000     13.163945     25.000000     26.500000  0.241395E+25
     38.023922     37.820034     20.348078      4.824137    368.446747     60.000000     80.000000     13.459568     23.500000     19.000000  0.464240E+24
     38.046421     37.869465     20.348078     68.266029    292.338776     60.000000     80.000000     13.757224      1.000000      1.000000  0.656943E+25
     38.068920     37.918892     20.348078     54.179749    325.516876     60.000000     80.000000     15.056487      1.000000      1.000000  0.521387E+25
     38.091419     37.968323     20.348078      0.175380    367.914215     60.000000     80.000000     17.357042      4.000000      4.000000  0.168773E+23
     38.113914     38.017754     20.348078     12.441317    419.033905     60.000000     80.000000     19.058651      4.000000     11.500000  0.119726E+25
     38.136414     38.067181     20.348078     82.216560    434.912811     60.000000     80.000000     20.561131     26.500000     14.500000  0.791193E+25
     38.158913     38.116611     20.348078     87.244270    425.908661     60.000000     80.000000     21.464336     28.000000     10.000000  0.839577E+25
     38.181412     38.166039     20.348078     59.626926    428.435333     60.000000     80.000000     21.968159     29.500000      1.000000  0.573807E+25
     38.203907     38.215469     20.348078      4.002059    302.061829     60.000000     80.000000     22.472502     14.500000      5.500000  0.385130E+24
     38.226406     38.264900     20.348078     13.602021    338.081329     60.000000     80.000000     22.777294      4.000000     10.000000  0.130896E+25
     38.248905     38.314327     20.348078    123.607010    432.208832     60.000000     80.000000     23.482473      4.000000      1.000000  0.118951E+26
     38.271404     38.363758     20.348078    153.576324    434.830292     60.000000     80.000000     24.387993     17.500000      1.000000  0.147791E+26
     37.927162     37.627274     25.272116     74.240875    305.038086     60.000000     80.000000     12.967277     14.500000      1.000000  0.714441E+25
     37.949661     37.676701     25.272116      1.428211    380.046051     60.000000     80.000000     13.424394      1.000000     23.500000  0.137441E+24
     37.972160     37.726131     25.272116      2.139430    345.871887     60.000000     80.000000     13.491188     11.500000      5.500000  0.205883E+24
     37.994659     37.775562     25.272116      6.414859    342.224426     60.000000     80.000000     13.565231     29.500000     25.000000  0.617320E+24
     38.017155     37.824989     25.272116     52.385822    313.163422     60.000000     80.000000     13.444834      1.000000      2.500000  0.504124E+25
     38.039654     37.874420     25.272116    108.239548    319.772858     60.000000     80.000000     13.728786      1.000000      1.000000  0.104162E+26
     38.062153     37.923847     25.272116     95.185371    328.579620     60.000000     80.000000     15.016201      1.000000      1.000000  0.915996E+25
     38.084652     37.973278     25.272116      5.172208    338.430450     60.000000     80.000000     17.106417     29.500000      7.000000  0.497736E+24
     38.107151     38.022709     25.272116      7.153085    390.036713     60.000000     80.000000     18.998928      8.500000     10.000000  0.688362E+24
     38.129646     38.072136     25.272116     99.411957    431.911865     60.000000     80.000000     20.493343     29.500000      1.000000  0.956670E+25
     38.152145     38.121567     25.272116     89.509384    433.577057     60.000000     80.000000     21.389351     23.500000      1.000000  0.861374E+25
     38.174644     38.170998     25.272116     46.493275    434.102539     60.000000     80.000000     21.886713     22.000000     25.000000  0.447418E+25
     38.197144     38.220425     25.272116      7.393928    303.498016     60.000000     80.000000     22.385225      8.500000     22.000000  0.711539E+24
     38.219639     38.269855     25.272116      1.925838    402.024750     60.000000     80.000000     22.884731     22.000000     17.500000  0.185329E+24
     38.242138     38.319283     25.272116     95.287003    421.292480     60.000000     80.000000     23.585094      1.000000      4.000000  0.916974E+25
     38.264637     38.368713     25.272116     76.584114    432.778473     60.000000     80.000000     24.286207     23.500000      8.500000  0.736991E+25