% ----------------------------------  FINITE-SOURCE RUPTURE MODEL  --------------------------------
% 
% Event : Kumamoto, Japan  		04/15/2016 		[Asano and Iwata (2016) ] 
% EventTAG: s2016KUMAMO02ASAN
% 
% Loc  : LAT  = 32.7545 		LON = 130.763		DEP = 12.45
% Size : LEN  = 42.0 km 	WID =  18.0 km		Mw = 7.04	Mo = 4.5e+19 Nm
% Mech : STRK = 205.0		DIP = 72.0		RAKE = 212.0	Htop = 2.0 km 
% Rupt : HypX = 5.00 km 	HypZ = 11.00 km 		avTr = 5.0 s	avVr = 2.4 km/s 
% 
% ----------------------------------  inversion-related parameters  --------------------------------
% 
% Invs :  Nx  =  21 	Nz  = 9 	Fmin = 0.05 Hz 	Fmax = 0.50 Hz 
% Invs :  Dx  =  2.00 km 	Dz  = 2.00 km 
% Invs :  Ntw =  9	Nsg =  2 			(# of time-windows,# of fault segments) 
% Invs :  LEN =  1.0 s	SHF =  0.5 s 		(time-window length and time-shift) 
% SVF  :  smooth ramp  					(type of slip-velocity function used) 
% 
% Data :  	SGM 	TELE 	TRIL 	LEVEL 	GPS 	INSAR 	SURF 	Other
% Data :  	15 	0 	0 	0 	0 	0 	0 	0
% PHImx:  	999 	0 	0 	0 	0 	0 	0 	0
% Rmin : 	999.0	0.0	0.0	0.0	0.0	0.0	0.0	0.0
% 
% --------------------------------------------------------------------------------------------------
% 
% VELOCITY-DENSITY STRUCTURE 
% No.  of layers =  4 
% 
%	DEPTH	P-VEL	S-VEL	DENS
%	[km]	[km/s]	[km/s]	[g/cm^3]  
%       0.00      5.50      3.20      2.65
%       2.86      5.80      3.40      2.70
%      16.06      6.40      3.80      2.80
%      32.30      7.50      4.50      3.20
% 
% --------------------------------------------------------------------------------------------------
% % 30-may-2016 kimiyuki asano (k-asano@egmdpri01.dpri.kyoto-u.ac.jp) 
% --------------------------------------------------------------------------------------------------
% 
% SOURCE MODEL PARAMETERS 
% 		X,Y,Z coordinates in km; SLIP in m 
%  		if applicable: RAKE in deg, RISE in s, TRUP in s, slip in each TW in m 
% 
%   Coordinates are given for top-center of each subfault or segment: |'| 
%   Origin of local coordinate system at epicenter: X (EW) = 0,  Y (NS) = 0  
% --------------------------------------------------------------------------------------------------
% -----------------------------   MULTISEGMENT MODEL   ---------------------------------------------
% --------------------------------------------------------------------------------------------------
% SEGMENT #  1:  STRIKE =  235.0 deg       DIP =  65.0 deg 
%                   LEN  =  28.00 km       WID =  18.00 km 
%   depth to top:   Z2top = 1.99 km 
%   coordinates of top-center: 
%                   LAT =  32.8427 ,       LON = 130.9262 
%   hypocenter on SEG # 2 : along-strike (X) = 5.0 , down-dip (Z) = 11.0 
%   Nsbfs =  126 subfaults 
% -------------------------------------------------------------------------------------------------- 
%    LAT     LON     X==EW     Y==NS     Z     SLIP     RAKE     TRUP     TW1     rakeTW1     TW2     rakeTW2     TW3     rakeTW3     TW4     rakeTW4     TW5     rakeTW5     TW6     rakeTW6     TW7     rakeTW7     TW8     rakeTW8     TW9     rakeTW9    
% -------------------------------------------------------------------------------------------------- 
   32.9081  131.0415   21.5404   14.5668    1.9884    1.5267  206.0735   13.9692    0.1148  263.0006    0.0632  260.4348    0.0000  218.0000    0.0000  218.0000    0.0364  262.9982    0.1943  263.0000    0.4714  208.7398    0.3501  173.0000    0.5639  188.3446  
   32.8980  131.0237   19.9021   13.4196    1.9884    1.5489  205.0300   13.1762    0.2631  224.6992    0.0000  191.4350    0.0000  218.0000    0.0000  173.0000    0.0428  173.0016    0.1458  262.9995    0.4384  263.0000    0.4762  176.6972    0.6320  173.0000  
   32.8880  131.0060   18.2637   12.2725    1.9884    2.0923  206.5092   12.3884    0.6499  189.0100    0.6108  207.7526    0.1668  259.7234    0.0143  263.0047    0.1445  263.0019    0.1349  263.0000    0.0000  353.0000    0.2070  227.0106    0.4868  173.0000  
   32.8779  130.9883   16.6254   11.1253    1.9884    1.0528  223.0115   11.6070    0.0064  263.0000    0.4970  172.9999    0.1795  173.0000    0.0000  128.0000    0.3477  263.0000    0.3189  262.9998    0.0267  263.0000    0.0511  262.9987    0.0558  263.0012  
   32.8678  130.9705   14.9871    9.9782    1.9884    1.1017  240.0613   10.8333    0.3781  263.0000    0.0338  262.9940    0.0143  263.0000    0.2773  172.9998    0.0213  263.0000    0.2955  263.0000    0.1830  206.8039    0.0736  263.0000    0.0962  263.0000  
   32.8578  130.9528   13.3488    8.8310    1.9884    2.6362  235.1909   10.0692    0.5990  198.9485    0.3664  263.0000    0.4612  195.7914    0.1962  173.0000    0.0000  218.0000    0.2492  263.0000    0.4736  263.0000    0.3938  252.7838    0.4143  263.0000  
   32.8477  130.9351   11.7105    7.6839    1.9884    3.7907  191.1635    9.3169    0.3358  173.0000    0.4936  197.4635    0.6902  186.1460    0.4502  195.1623    0.3867  179.8795    0.2287  173.0000    0.5437  205.9527    0.3523  192.2225    0.3787  203.5406  
   32.8376  130.9174   10.0722    6.5367    1.9884    2.5432  186.4619    8.5797    0.0000  218.0000    0.0079  263.0000    0.1893  173.0000    0.3666  178.3679    0.4512  179.0901    0.2390  173.0000    0.5078  213.5116    0.4161  176.4464    0.4545  191.8921  
   32.8275  130.8996    8.4339    5.3896    1.9884    1.4565  186.5536    7.8617    0.1811  190.4527    0.1629  174.1699    0.0000  218.0000    0.0012  173.0000    0.2238  173.0003    0.0447  173.0000    0.4055  213.9994    0.0208  231.3152    0.4937  173.0000  
   32.8175  130.8819    6.7956    4.2424    1.9884    1.4874  211.9902    7.1686    0.2538  263.0000    0.4810  202.0602    0.3115  183.5535    0.0930  240.8144    0.1531  180.8759    0.1106  216.6260    0.2079  263.0000    0.0000  218.0000    0.1625  173.0000  
   32.8074  130.8642    5.1573    3.0953    1.9884    2.5954  191.4647    6.5085    0.1725  257.8959    0.4674  173.0000    0.6430  187.1996    0.4474  193.2654    0.3732  173.0000    0.2965  202.9682    0.1895  263.0000    0.0000  218.0000    0.3060  173.0000  
   32.7973  130.8465    3.5190    1.9481    1.9884    2.6519  195.2749    5.8926    0.0000  218.0000    0.0000  218.0000    0.0000  128.0000    0.1248  173.0000    0.4917  201.1012    0.5211  195.1976    0.7535  189.9542    0.3775  211.3911    0.4149  190.1861  
   32.7872  130.8288    1.8807    0.8010    1.9884    1.7477  196.8393    5.3359    0.1517  180.1865    0.2891  172.9998    0.0000  218.0000    0.2063  172.9997    0.2393  188.4413    0.2525  223.0609    0.3307  201.7148    0.2506  239.3195    0.1743  186.8487  
   32.7771  130.8111    0.2424   -0.3462    1.9884    1.7552  246.4081    4.8591    0.3711  244.2881    0.2569  262.9998    0.1957  262.9997    0.2855  263.0000    0.1513  262.9991    0.0381  262.9982    0.3147  231.0330    0.1362  263.0000    0.2156  173.0000  
   32.9144  131.0364   21.0555   15.2592    3.8010    1.0330  262.9999   13.7437    0.0000  218.0000    0.0000  263.0000    0.0000  218.0000    0.0000  218.0000    0.0000  263.0000    0.0210  263.0000    0.2628  263.0000    0.2864  263.0000    0.4628  262.9998  
   32.9043  131.0187   19.4172   14.1120    3.8010    1.4727  180.5039   12.9368    0.5970  173.0000    0.3245  173.0000    0.0408  263.0000    0.0000  218.0000    0.0000  218.0000    0.0000  218.0000    0.1716  173.0004    0.1947  215.8079    0.2249  177.8934  
   32.8943  131.0010   17.7789   12.9649    3.8010    1.5792  191.9883   12.1335    0.7491  172.9999    0.2280  173.0003    0.2652  173.0000    0.1140  172.9994    0.2360  262.9997    0.1895  263.0000    0.0846  263.0008    0.0038  262.9822    0.1369  173.0000  
   32.8842  130.9832   16.1406   11.8177    3.8010    1.8564  200.2956   11.3346    0.6395  190.8178    0.2053  173.0000    0.4841  173.0001    0.2459  173.0000    0.0688  173.0010    0.0368  173.0000    0.0723  263.0000    0.4050  263.0000    0.1783  263.0000  
   32.8742  130.9655   14.5023   10.6706    3.8010    1.6921  199.3214   10.5409    0.2859  235.3140    0.3003  263.0000    0.3398  188.7002    0.3169  173.0000    0.4586  173.0000    0.0981  173.0007    0.1049  263.0000    0.1831  173.0000    0.0000  218.0000  
   32.8641  130.9478   12.8640    9.5234    3.8010    2.6117  192.1361    9.7539    0.5817  223.4446    0.3376  173.0000    0.3394  183.2001    0.3276  173.0000    0.4831  184.1783    0.2697  172.9998    0.2567  175.3965    0.1616  225.8964    0.1143  263.0006  
   32.8540  130.9300   11.2257    8.3763    3.8010    3.1942  196.1895    8.9753    0.3437  253.3745    0.5317  232.6118    0.4082  191.3821    0.2929  173.0000    0.4632  174.9097    0.5506  183.2049    0.4509  194.9334    0.2632  183.9639    0.2477  173.0000  
   32.8439  130.9123    9.5874    7.2291    3.8010    2.7080  202.0717    8.2074    0.2884  262.9998    0.3487  258.6272    0.3379  223.4786    0.3114  192.5923    0.3491  196.0890    0.2768  173.0000    0.2648  177.5560    0.5309  181.3737    0.4518  183.1210  
   32.8339  130.8946    7.9491    6.0820    3.8010    3.0202  219.4237    7.4536    0.8790  241.2343    0.5932  230.2917    0.3869  241.0796    0.2595  200.8604    0.4315  218.3394    0.2206  195.7678    0.0741  173.0000    0.1371  173.0000    0.3436  173.0000  
   32.8238  130.8769    6.3108    4.9348    3.8010    2.4857  221.1651    6.7185    0.3593  192.2066    0.6414  217.8205    0.2503  225.6306    0.4040  223.4126    0.3873  220.7310    0.1839  260.2043    0.2365  262.9997    0.1110  208.6454    0.0946  172.9993  
   32.8137  130.8592    4.6725    3.7876    3.8010    2.4176  204.8438    6.0093    0.2549  195.2894    0.5308  185.3093    0.4199  197.1902    0.4266  209.6395    0.2688  197.4996    0.1923  200.4228    0.3387  237.3969    0.1341  257.7811    0.0000  218.0000  
   32.8036  130.8415    3.0342    2.6405    3.8010    2.1939  193.1876    5.3359    0.2470  173.0000    0.0294  173.0000    0.2229  199.0334    0.4469  201.6169    0.3757  198.7198    0.2722  199.5996    0.2074  176.1672    0.1247  199.6402    0.3044  190.7847  
   32.7935  130.8238    1.3959    1.4933    3.8010    1.3790  196.7083    4.7140    0.1059  172.9994    0.1816  173.0000    0.1003  173.0000    0.2990  184.3911    0.1544  213.7053    0.1174  194.2593    0.2283  211.0053    0.1567  263.0000    0.1836  190.3718  
   32.7834  130.8061   -0.2424    0.3462    3.8010    0.6208  238.4149    4.1667    0.0000  218.0000    0.1832  179.1704    0.1634  235.2253    0.0071  263.0000    0.1376  263.0000    0.1171  263.0000    0.0000  218.0000    0.1084  263.0000    0.0301  263.0000  
   32.9207  131.0314   20.5707   15.9516    5.6136    0.9907  253.9574   13.5657    0.1477  222.9272    0.0760  263.0000    0.0000  218.0000    0.0000  218.0000    0.0606  172.9989    0.0000  218.0000    0.0885  263.0000    0.2672  262.9998    0.4337  263.0000  
   32.9107  131.0137   18.9324   14.8044    5.6136    1.0277  189.1413   12.7475    0.4709  201.8033    0.3079  173.0002    0.0220  263.0000    0.0000  218.0000    0.0000  218.0000    0.0000  218.0000    0.0877  173.0000    0.1333  189.0664    0.0509  173.0013  
   32.9006  130.9959   17.2941   13.6572    5.6136    1.0935  190.1887   11.9315    0.4969  173.0003    0.2082  173.0000    0.2015  173.0000    0.1382  173.0000    0.0000  218.0000    0.1021  263.0000    0.1263  263.0000    0.0948  263.0007    0.0000  218.0000  
   32.8905  130.9782   15.6558   12.5101    5.6136    2.3186  193.0770   11.1181    1.0088  197.8002    0.6251  183.7505    0.2297  173.0000    0.1308  173.0000    0.2162  173.0000    0.0711  173.0000    0.0000  218.0000    0.0908  263.0000    0.1654  263.0000  
   32.8805  130.9604   14.0175   11.3629    5.6136    2.5255  201.2917   10.3078    0.6427  239.1552    0.5266  228.4915    0.4430  182.4510    0.3939  173.0000    0.3114  173.0000    0.2439  172.9997    0.1721  205.2686    0.0759  180.9908    0.0588  173.0000  
   32.8704  130.9427   12.3792   10.2158    5.6136    2.9481  205.7708    9.5015    0.5226  263.0000    0.4979  231.3478    0.4092  204.0900    0.3845  177.5511    0.4176  177.8769    0.3922  173.4421    0.2295  180.9797    0.2717  181.7190    0.3462  231.7168  
   32.8603  130.9250   10.7409    9.0686    5.6136    3.3061  210.7864    8.7003    0.7766  238.8934    0.5666  263.0000    0.5145  225.9065    0.3110  227.8273    0.2900  176.3118    0.4716  173.0000    0.4357  180.4140    0.3426  173.0000    0.2707  175.6658  
   32.8503  130.9073    9.1026    7.9215    5.6136    4.0012  217.7501    7.9057    1.0632  238.6823    0.4184  229.6262    0.6838  231.0928    0.4493  235.1202    0.3855  212.8072    0.2579  205.8357    0.2728  173.0000    0.4476  177.3946    0.3834  188.1224  
   32.8402  130.8895    7.4643    6.7743    5.6136    4.1012  232.3219    7.1200    0.9698  247.9922    0.6391  250.3099    0.5636  227.6276    0.5022  232.5906    0.5174  234.9725    0.3545  230.7281    0.2125  201.4937    0.2562  189.8976    0.2928  202.0017  
   32.8301  130.8718    5.8260    5.6272    5.6136    2.8736  230.8986    6.3465    0.2710  255.7189    0.6445  217.8856    0.4258  238.8925    0.2962  235.5543    0.4168  220.4289    0.3426  229.5660    0.3248  235.4042    0.1865  246.0913    0.0503  173.0000  
   32.8200  130.8541    4.1877    4.4800    5.6136    2.7166  206.3845    5.5902    0.5772  199.6460    0.3510  206.7288    0.4323  192.2319    0.4603  212.7216    0.3073  220.4149    0.1755  178.6532    0.2336  227.2092    0.2247  222.7625    0.0340  173.0000  
   32.8099  130.8364    2.5494    3.3329    5.6136    2.0852  194.7031    4.8591    0.1049  173.0006    0.2361  173.0000    0.3391  194.0738    0.4114  206.6810    0.4447  211.1904    0.1742  205.2514    0.1458  193.2552    0.1453  174.0245    0.1586  173.0000  
   32.7999  130.8187    0.9111    2.1857    5.6136    1.1049  210.8192    4.1667    0.0992  263.0007    0.0000  218.0000    0.2195  173.0000    0.1558  172.9996    0.3281  223.8874    0.2498  229.4574    0.1172  212.1252    0.0742  206.9697    0.0000  218.0000  
   32.7898  130.8010   -0.7272    1.0386    5.6136    0.4738  232.2872    3.5355    0.0000  398.0000    0.0694  263.0000    0.0828  263.0000    0.0503  173.0000    0.1916  172.9996    0.1493  263.0000    0.0812  263.0000    0.0247  263.0000    0.0000  218.0000  
   32.9271  131.0264   20.0859   16.6439    7.4262    0.9611  256.0233   13.4371    0.0620  178.1701    0.2056  263.0003    0.0000  218.0000    0.0000  308.0000    0.0540  173.0012    0.0000  218.0000    0.1129  262.9994    0.2091  262.7334    0.4207  262.9998  
   32.9170  131.0086   18.4476   15.4968    7.4262    0.8234  196.5176   12.6106    0.4621  173.8349    0.3024  237.1992    0.0000  218.0000    0.0000  218.0000    0.0000  218.0000    0.0000  218.0000    0.0000  218.0000    0.0692  173.0000    0.1046  201.2691  
   32.9069  130.9909   16.8093   14.3496    7.4262    0.1364  202.4498   11.7851    0.0876  173.0000    0.0305  173.0022    0.0000  218.0000    0.0007  173.0914    0.0000  218.0000    0.0000  218.0000    0.0000  218.0000    0.0461  263.0000    0.0209  263.0032  
   32.8969  130.9731   15.1710   13.2025    7.4262    1.6151  201.6902   10.9608    0.8300  225.6895    0.3856  184.5886    0.2186  173.0000    0.0998  173.0000    0.1056  173.0006    0.1119  173.0000    0.0000  218.0000    0.0000  218.0000    0.0377  262.9982  
   32.8868  130.9554   13.5327   12.0553    7.4262    2.7817  218.3757   10.1379    0.6357  238.0775    0.8370  244.9184    0.3886  221.5361    0.2645  201.9092    0.3297  189.4012    0.2451  173.0000    0.2078  200.3583    0.1915  172.9996    0.0000  218.0000  
   32.8767  130.9377   11.8944   10.9082    7.4262    3.2256  218.2222    9.3169    0.4936  262.9999    0.7350  244.6324    0.4363  217.9580    0.2835  199.3977    0.3462  202.8375    0.3461  185.6448    0.2665  192.6826    0.3365  178.8136    0.3872  222.0158  
   32.8667  130.9199   10.2561    9.7610    7.4262    3.7361  220.7412    8.4984    1.0503  235.1980    0.6086  254.7694    0.5417  237.5777    0.4140  219.2457    0.2857  209.3698    0.3144  189.5404    0.3178  177.5288    0.2941  199.4752    0.3067  178.6761  
   32.8566  130.9022    8.6178    8.6139    7.4262    5.1138  222.8022    7.6830    1.3755  232.4473    0.9467  235.0475    0.8526  229.7980    0.5817  225.1094    0.4267  221.2701    0.3007  217.8222    0.2744  189.8957    0.3002  185.0927    0.2828  181.0531  
   32.8465  130.8845    6.9795    7.4667    7.4262    4.9317  228.9272    6.8718    1.1006  234.0517    0.7461  237.8712    0.6351  233.0084    0.6804  227.7047    0.6062  228.7509    0.3990  215.9174    0.2836  220.6842    0.2711  221.0291    0.2522  211.5321  
   32.8364  130.8668    5.3412    6.3196    7.4262    3.7651  228.9026    6.0668    0.8921  247.2533    0.6906  223.6673    0.4380  222.7289    0.4264  236.9851    0.3730  227.9707    0.3855  215.8716    0.2497  225.6894    0.2271  199.0729    0.1784  225.4512  
   32.8263  130.8491    3.7029    5.1724    7.4262    3.1095  216.1987    5.2705    0.6467  226.7902    0.4844  235.4141    0.5365  208.2554    0.4100  211.1595    0.3781  215.8900    0.2449  210.1039    0.1078  207.9177    0.2357  211.7902    0.1555  172.9996  
   32.8163  130.8314    2.0646    4.0252    7.4262    2.4888  203.2771    4.4876    0.4168  173.0000    0.2377  234.9219    0.3852  219.6783    0.4386  197.9637    0.4128  214.8494    0.2675  215.2761    0.1891  196.7782    0.1003  201.7417    0.1925  173.0000  
   32.8062  130.8137    0.4263    2.8781    7.4262    1.1080  218.7276    3.7268    0.0194  263.0000    0.0317  262.9979    0.0151  172.9955    0.1863  213.2558    0.2201  206.3714    0.3035  217.6939    0.2140  233.1576    0.0788  244.3213    0.0891  190.6456  
   32.7961  130.7960   -1.2120    1.7309    7.4262    0.6351  242.9860    3.0046    0.0000  398.0000    0.0000  218.0000    0.1751  263.0000    0.0513  263.0013    0.0675  172.9990    0.1485  205.1827    0.1565  254.1263    0.1002  262.9993    0.0363  263.0000  
   32.9334  131.0213   19.6011   17.3363    9.2389    1.0514  238.6128   13.3593    0.5980  232.3608    0.0382  173.0000    0.0000  218.0000    0.0000  218.0000    0.0000  218.0000    0.0000  218.0000    0.0690  263.0000    0.1181  212.4562    0.2989  263.0000  
   32.9233  131.0036   17.9628   16.1892    9.2389    1.0458  217.1006   12.5277    0.4441  217.1517    0.2685  206.5084    0.1909  250.0844    0.0000  218.0000    0.0396  173.0000    0.0000  218.0000    0.0000  218.0000    0.0134  173.0000    0.1407  209.7205  
   32.9133  130.9858   16.3245   15.0420    9.2389    0.4101  257.2945   11.6964    0.0685  263.0000    0.0659  263.0000    0.0405  172.9983    0.1245  263.0000    0.0003  173.0000    0.0000  218.0000    0.0000  218.0000    0.0921  263.0000    0.0570  263.0000  
   32.9032  130.9681   14.6862   13.8948    9.2389    0.9756  247.9939   10.8653    0.7237  254.5104    0.0194  263.0000    0.1011  263.0000    0.1222  233.3581    0.0581  173.0000    0.0273  173.0000    0.0000  218.0000    0.0000  218.0000    0.0000  218.0000  
   32.8931  130.9504   13.0479   12.7477    9.2389    2.9611  236.5308   10.0347    1.0193  245.3527    0.6773  241.8863    0.4496  259.8333    0.2627  250.1324    0.2193  198.5581    0.2666  206.1775    0.1831  204.0702    0.1058  177.0264    0.0000  218.0000  
   32.8831  130.9326   11.4096   11.6005    9.2389    3.2160  230.8637    9.2045    0.5920  263.0000    0.5144  235.0369    0.4952  244.4335    0.2746  239.4404    0.2765  223.7679    0.2633  219.1678    0.3021  173.0000    0.3632  199.0463    0.4479  234.1140  
   32.8730  130.9149    9.7713   10.4534    9.2389    3.4001  223.5903    8.3749    0.8351  251.8318    0.6286  233.0029    0.5172  224.9321    0.2656  216.9056    0.3402  232.0088    0.2241  211.4269    0.1977  205.5158    0.3063  197.8700    0.3770  173.9104  
   32.8629  130.8972    8.1330    9.3062    9.2389    5.1305  224.3598    7.5462    1.6497  223.7543    1.0397  240.8839    0.7336  233.2523    0.6240  225.6459    0.4096  205.7729    0.2080  211.6626    0.2241  219.6604    0.2250  186.5562    0.1609  197.3222  
   32.8528  130.8795    6.4947    8.1591    9.2389    4.9188  227.3151    6.7185    1.0745  231.8387    0.8218  229.0210    0.6893  232.2320    0.6957  233.9727    0.5289  218.0796    0.2992  215.7674    0.3313  213.1389    0.2881  215.7317    0.2323  235.9411  
   32.8427  130.8617    4.8564    7.0119    9.2389    3.9581  222.7435    5.8926    0.7861  251.3431    0.9811  217.6550    0.5543  217.0298    0.4373  234.6596    0.4291  227.5036    0.2832  211.0784    0.1828  204.9415    0.2967  186.5240    0.2058  202.4029  
   32.8327  130.8440    3.2181    5.8648    9.2389    3.1826  216.2431    5.0690    0.4317  226.2156    0.7314  229.2249    0.6051  224.5905    0.4352  206.6303    0.4533  206.7096    0.2456  229.3645    0.0651  231.3644    0.1723  173.0000    0.1954  173.0000  
   32.8226  130.8263    1.5798    4.7176    9.2389    2.5229  216.2700    4.2492    0.0567  173.0012    0.3629  246.8357    0.5350  219.4415    0.5546  211.6569    0.3829  216.9737    0.3270  208.5622    0.2564  208.1078    0.0430  263.0000    0.1261  173.0000  
   32.8125  130.8086   -0.0585    3.5705    9.2389    1.4279  227.9147    3.4359    0.0000  218.0000    0.1051  263.0006    0.1718  220.2421    0.1888  238.8964    0.2447  222.1625    0.3879  212.3300    0.2506  225.7700    0.0144  263.0000    0.1210  255.6932  
   32.8024  130.7909   -1.6968    2.4233    9.2389    0.8606  236.8022    2.6352    0.0000  218.0000    0.0000  218.0000    0.1704  263.0000    0.2050  263.0000    0.0814  197.9391    0.0753  245.4491    0.1792  207.2125    0.1659  208.3688    0.0939  263.0000  
   32.9397  131.0163   19.1163   18.0287   11.0515    1.2346  229.4605   13.3333    0.5956  229.6068    0.1305  173.0000    0.1069  172.9994    0.0000  218.0000    0.0000  218.0000    0.1080  263.0000    0.1691  250.0197    0.0972  208.7119    0.2022  263.0000  
   32.9296  130.9985   17.4780   16.8815   11.0515    1.7087  218.7615   12.5000    0.5719  232.5268    0.4423  217.0562    0.3445  216.1383    0.1012  173.0000    0.1113  173.0000    0.0000  218.0000    0.0000  218.0000    0.0966  230.9590    0.1268  229.9819  
   32.9196  130.9808   15.8397   15.7344   11.0515    1.6542  251.5788   11.6667    0.7262  263.0001    0.4210  263.0000    0.1271  247.9938    0.2475  235.7960    0.0799  173.0000    0.0515  173.0000    0.0000  218.0000    0.0675  215.1161    0.0862  263.0000  
   32.9095  130.9630   14.2014   14.5872   11.0515    1.6302  258.8931   10.8333    0.6992  263.0000    0.4021  263.0000    0.1951  263.0003    0.2007  263.0003    0.0943  243.3792    0.0932  197.0248    0.0000  218.0000    0.0000  218.0000    0.0021  263.0000  
   32.8994  130.9453   12.5631   13.4401   11.0515    2.4527  246.3229   10.0000    0.7068  241.3930    0.5014  248.1077    0.4019  262.9998    0.2660  263.0000    0.1936  217.3686    0.1542  233.3343    0.1829  244.0255    0.1057  240.4465    0.0000  218.0000  
   32.8894  130.9276   10.9248   12.2929   11.0515    2.3754  229.9781    9.1667    0.2806  257.7389    0.3860  212.6429    0.3363  229.2170    0.1946  259.9818    0.2245  257.3587    0.2573  238.4147    0.3086  201.4323    0.2893  211.1395    0.2553  228.0438  
   32.8793  130.9099    9.2865   11.1458   11.0515    2.9877  221.0951    8.3333    0.9098  250.0435    0.4670  226.3913    0.5036  202.9073    0.2223  208.0873    0.1687  200.5054    0.0691  234.3204    0.1014  244.1306    0.3605  198.7132    0.4030  201.4978  
   32.8692  130.8921    7.6482    9.9986   11.0515    4.4690  223.2905    7.5000    1.5510  232.9122    0.9580  235.7520    0.6883  222.6394    0.4565  217.0139    0.3197  214.0017    0.1891  187.0402    0.1991  173.4683    0.1144  212.3228    0.1692  198.4972  
   32.8591  130.8744    6.0099    8.8515   11.0515    4.6206  223.9659    6.6667    1.3732  231.8790    0.8085  230.5176    0.6409  232.1099    0.5931  233.5781    0.4228  217.3628    0.3383  207.5772    0.2440  202.4278    0.2071  173.0000    0.1562  194.5814  
   32.8491  130.8567    4.3716    7.7043   11.0515    3.6593  212.2639    5.8333    0.5145  220.3548    1.1747  206.8221    0.6831  220.0567    0.2911  244.7000    0.3518  221.1835    0.1666  195.4165    0.0910  189.3609    0.2933  193.0122    0.2080  188.4609  
   32.8390  130.8390    2.7333    6.5572   11.0515    3.1558  211.2355    5.0000    0.4893  219.4010    0.5669  222.6657    0.5790  223.2969    0.5426  207.9252    0.4224  204.9249    0.2730  214.5713    0.0060  263.0000    0.1104  173.0006    0.2866  173.0000  
   32.8289  130.8213    1.0950    5.4100   11.0515    3.0526  219.1983    4.1667    0.3401  238.8097    0.4833  230.3901    0.6755  219.0244    0.5302  229.8504    0.3652  207.6412    0.3999  199.7895    0.1504  207.2339    0.1079  223.5511    0.1037  173.0000  
   32.8188  130.8036   -0.5433    4.2629   11.0515    2.0969  235.9185    3.3333    0.3547  263.0000    0.1347  263.0000    0.3500  237.7822    0.2582  228.8591    0.3461  229.5137    0.3726  225.1890    0.2316  203.3467    0.0958  237.4175    0.0608  263.0000  
   32.8087  130.7859   -2.1816    3.1157   11.0515    1.4015  235.2501    2.5000    0.1802  215.6850    0.0088  263.0000    0.2025  263.0000    0.2177  235.1218    0.1849  235.5009    0.1517  263.0000    0.2268  216.8734    0.2546  221.3041    0.0513  263.0000  
   32.9460  131.0112   18.6315   18.7211   12.8641    1.3323  235.9243   13.3593    0.6275  233.9900    0.1372  173.0000    0.0718  173.0000    0.0000  218.0000    0.0000  218.0000    0.1685  251.3915    0.1984  254.6378    0.1022  245.6773    0.1786  263.0000  
   32.9360  130.9935   16.9932   17.5739   12.8641    2.2323  214.7682   12.5277    0.6855  237.6683    0.6079  212.9405    0.5354  205.5415    0.1613  173.0000    0.1605  173.0000    0.0522  173.0000    0.0195  256.5329    0.1459  247.0283    0.0479  210.9434  
   32.9259  130.9758   15.3549   16.4268   12.8641    1.8290  237.1656   11.6964    0.6043  262.9990    0.3185  263.0000    0.2444  245.8680    0.2745  245.9314    0.2382  180.1504    0.2309  173.0000    0.0441  172.9985    0.0932  218.3343    0.1480  235.8309  
   32.9158  130.9580   13.7166   15.2796   12.8641    1.5094  254.0207   10.8653    0.4831  263.0000    0.3020  263.0000    0.2029  263.0000    0.1786  263.0004    0.1762  262.9996    0.0772  246.1381    0.0409  173.0000    0.1721  172.9996    0.0742  262.8469  
   32.9058  130.9403   12.0783   14.1325   12.8641    1.3965  253.4017   10.0347    0.2366  219.9898    0.2858  263.0000    0.2349  263.0000    0.2138  259.9946    0.1582  241.8346    0.1469  263.0000    0.1583  263.0000    0.0172  252.5443    0.0000  218.0000  
   32.8957  130.9225   10.4400   12.9853   12.8641    1.3881  221.4860    9.2045    0.0387  263.0000    0.2503  180.0639    0.1758  232.5395    0.0623  263.0000    0.0680  226.1398    0.2254  222.2361    0.3355  205.8650    0.1766  230.0361    0.2014  258.2719  
   32.8856  130.9048    8.8017   11.8381   12.8641    2.1058  210.7146    8.3749    0.6504  239.3872    0.1865  207.6600    0.2999  214.3754    0.1823  177.5448    0.0786  172.9991    0.0242  173.0000    0.2151  191.8442    0.3005  209.3078    0.3223  196.0255  
   32.8755  130.8871    7.1634   10.6910   12.8641    3.3358  222.0197    7.5462    1.1310  236.4593    0.7691  233.1639    0.4258  226.9947    0.2786  234.3584    0.2938  200.0705    0.2221  173.0000    0.0802  173.0000    0.1304  173.0000    0.2503  200.7909  
   32.8655  130.8694    5.5251    9.5438   12.8641    3.8976  224.1127    6.7185    1.4592  235.1012    0.8207  228.9582    0.5102  219.9129    0.3043  236.6352    0.2652  228.0276    0.2730  212.2316    0.1355  185.3318    0.1739  173.0000    0.1514  173.0000  
   32.8554  130.8516    3.8868    8.3967   12.8641    3.1578  208.2679    5.8926    0.4693  185.3094    1.1217  209.2186    0.7134  230.7674    0.2730  237.9111    0.2135  197.3639    0.1674  191.8018    0.0507  216.2327    0.2205  181.5937    0.1105  173.0000  
   32.8453  130.8339    2.2485    7.2495   12.8641    2.9421  210.0246    5.0690    0.3805  226.2102    0.6544  216.7825    0.7172  208.5730    0.4067  205.5723    0.4134  212.2860    0.1510  223.2821    0.0000  218.0000    0.1955  173.0003    0.1105  173.0000  
   32.8352  130.8162    0.6102    6.1024   12.8641    3.3502  215.2759    4.2492    0.6718  221.8497    0.6491  218.4929    0.6535  229.6187    0.4670  218.6315    0.3897  202.8282    0.2585  200.7491    0.1372  205.9578    0.0853  184.2018    0.1300  173.0005  
   32.8251  130.7985   -1.0281    4.9552   12.8641    2.3846  229.3340    3.4359    0.2709  233.7350    0.3620  237.6934    0.3765  227.5717    0.3575  233.2310    0.4997  234.4990    0.2712  206.1042    0.1563  220.4558    0.1030  253.5907    0.0509  173.0000  
   32.8150  130.7808   -2.6664    3.8081   12.8641    2.5309  246.3461    2.6352    0.3368  263.0000    0.4727  263.0000    0.5226  242.5789    0.3953  228.4881    0.2598  250.3629    0.2376  246.8196    0.1923  229.0123    0.1372  222.8685    0.0537  262.9987  
   32.9524  131.0062   18.1467   19.4134   14.6767    1.1667  221.3777   13.4371    0.3691  197.1774    0.1661  173.0000    0.1504  173.0004    0.0000  218.0000    0.1083  262.9994    0.1477  239.3349    0.0665  238.6087    0.1516  249.6414    0.2694  263.0000  
   32.9423  130.9884   16.5084   18.2663   14.6767    2.2170  205.3470   12.6106    0.4700  243.3611    0.7122  217.6856    0.5183  193.2025    0.2436  173.0003    0.2402  173.0000    0.1321  173.0000    0.0716  225.5044    0.0160  198.7450    0.0483  173.0014  
   32.9322  130.9707   14.8701   17.1191   14.6767    1.7518  222.9349   11.7851    0.4686  262.9998    0.2218  262.9997    0.2388  263.0000    0.2577  219.8564    0.3901  187.0531    0.2424  173.0000    0.1061  173.0000    0.1595  205.9396    0.0997  197.8728  
   32.9222  130.9530   13.2318   15.9720   14.6767    1.2045  240.6554   10.9608    0.2505  263.0000    0.1812  263.0000    0.1282  263.0005    0.1407  263.0000    0.1330  263.0000    0.1405  198.5596    0.1521  200.3093    0.1549  189.5810    0.1161  238.7855  
   32.9121  130.9352   11.5935   14.8248   14.6767    0.7183  254.0553   10.1379    0.0351  227.7696    0.1209  263.0000    0.0932  263.0000    0.0574  225.9400    0.1283  255.0345    0.1269  263.0000    0.0824  263.0000    0.0932  238.2085    0.0000  218.0000  
   32.9020  130.9175    9.9552   13.6777   14.6767    0.9244  214.0859    9.3169    0.0000  218.0000    0.1883  182.5405    0.0586  173.0000    0.0000  218.0000    0.0700  224.2316    0.2120  207.5949    0.1920  201.3750    0.1524  237.6994    0.1723  263.0000  
   32.8919  130.8998    8.3169   12.5305   14.6767    1.8002  205.0075    8.4984    0.4890  233.4378    0.2749  208.7848    0.1628  194.9928    0.0888  173.0000    0.0611  173.0000    0.0542  173.0012    0.1711  205.6622    0.2898  199.8990    0.3158  188.3512  
   32.8819  130.8820    6.6786   11.3834   14.6767    2.1463  214.0407    7.6830    0.5451  227.1080    0.4872  222.7090    0.2708  229.6947    0.2661  220.5898    0.1793  179.5818    0.0587  173.0000    0.1127  173.0000    0.1480  173.0000    0.2200  216.9242  
   32.8718  130.8643    5.0403   10.2362   14.6767    2.3018  214.8043    6.8718    0.7528  231.0788    0.5528  212.3480    0.2911  228.0255    0.1670  231.3336    0.1811  206.8266    0.1035  210.7652    0.1204  173.0000    0.1427  173.0000    0.1404  173.0000  
   32.8617  130.8466    3.4020    9.0891   14.6767    2.3854  213.1903    6.0668    0.8419  216.0061    0.7825  223.4235    0.3066  203.6904    0.1976  197.0864    0.1472  230.7680    0.0016  185.6609    0.0604  173.0000    0.0850  173.0000    0.0385  173.0000  
   32.8516  130.8289    1.7637    7.9419   14.6767    2.1930  199.6212    5.2705    0.3142  174.1577    0.6720  207.0126    0.4785  209.6553    0.3826  209.4642    0.2521  193.2881    0.0192  173.0000    0.0263  173.0000    0.0924  173.0000    0.0235  173.0000  
   32.8415  130.8112    0.1254    6.7948   14.6767    2.5474  204.6838    4.4876    0.5289  214.7238    0.4698  212.6745    0.5135  220.5089    0.3440  209.0037    0.2735  190.4447    0.1701  180.8041    0.1099  173.0006    0.1179  173.0000    0.1289  173.0000  
   32.8314  130.7935   -1.5129    5.6476   14.6767    2.6327  222.4517    3.7268    0.6559  222.8589    0.5242  236.4610    0.3983  232.9582    0.4304  235.3166    0.3236  215.8855    0.1048  223.7535    0.0410  176.9235    0.1092  173.0000    0.2015  173.0000  
   32.8213  130.7758   -3.1513    4.5005   14.6767    2.8555  247.3855    3.0046    0.6190  253.0162    0.8125  250.9052    0.3907  240.0489    0.3498  242.3520    0.3512  258.7716    0.1486  248.5996    0.1917  210.2924    0.0487  262.9986    0.0000  218.0000  
   32.9587  131.0012   17.6619   20.1058   16.4893    0.6569  192.3387   13.5657    0.2750  173.0000    0.1919  173.0003    0.1068  173.0000    0.0093  263.0000    0.0465  253.8257    0.0556  232.9807    0.0302  257.8202    0.0402  251.3164    0.0447  263.0000  
   32.9486  130.9834   16.0236   18.9587   16.4893    1.4047  201.9405   12.7475    0.4049  221.8734    0.3734  217.1807    0.2674  188.3633    0.2040  173.0000    0.1462  173.0000    0.0600  214.8487    0.0037  263.0000    0.0132  173.0000    0.0293  173.0000  
   32.9385  130.9657   14.3853   17.8115   16.4893    1.0515  214.9299   11.9315    0.1812  263.0000    0.1087  263.0000    0.1734  230.1752    0.2165  217.8940    0.1624  197.2436    0.2005  173.0000    0.1489  175.1024    0.0553  222.6093    0.0018  173.0000  
   32.9285  130.9479   12.7470   16.6644   16.4893    0.6846  221.5003   11.1181    0.0000  218.0000    0.0237  263.0000    0.0605  263.0000    0.0586  262.9991    0.1176  241.5673    0.1182  225.2633    0.0889  214.0732    0.1862  198.9717    0.1074  187.6209  
   32.9184  130.9302   11.1087   15.5172   16.4893    0.3236  259.5490   10.3078    0.0434  255.9908    0.0008  173.0000    0.0000  218.0000    0.0136  263.0000    0.0344  263.0000    0.0492  263.0010    0.1092  263.0000    0.0629  250.6705    0.0120  263.0000  
   32.9083  130.9124    9.4704   14.3701   16.4893    0.4458  209.8004    9.5015    0.0526  173.0010    0.0942  180.3091    0.0063  173.0000    0.0223  173.0023    0.0339  189.9348    0.0692  186.1194    0.0879  193.3205    0.0919  263.0000    0.1070  263.0000  
   32.8983  130.8947    7.8321   13.2229   16.4893    0.6867  196.3013    8.7003    0.1286  263.0004    0.0254  210.3127    0.0951  173.0000    0.0533  173.0000    0.0315  173.0000    0.0516  173.0000    0.0845  201.5387    0.1424  184.9559    0.1752  192.2280  
   32.8882  130.8770    6.1938   12.0757   16.4893    0.7196  222.3385    7.9057    0.1868  262.9997    0.1294  262.9996    0.0850  245.1082    0.0740  192.1822    0.0848  173.0000    0.0651  173.0000    0.0427  173.0000    0.0648  207.3195    0.1544  207.7552  
   32.8781  130.8593    4.5555   10.9286   16.4893    0.9665  205.8204    7.1200    0.4761  203.6523    0.1802  240.4938    0.0557  263.0000    0.0395  251.7138    0.0560  194.1980    0.0524  173.0000    0.0802  173.0000    0.0958  173.0000    0.0453  173.0000  
   32.8680  130.8416    2.9172    9.7814   16.4893    1.2441  208.1081    6.3465    0.5787  211.9231    0.3066  201.0114    0.1352  207.2258    0.1073  245.3625    0.0000  218.0000    0.0000  218.0000    0.0427  173.0012    0.0571  183.5748    0.0571  192.6013  
   32.8579  130.8238    1.2789    8.6343   16.4893    1.2485  204.4749    5.5902    0.3879  207.9905    0.3128  204.2303    0.2846  199.5949    0.1742  200.7939    0.0699  216.8834    0.0197  203.8580    0.0014  173.0000    0.0000  218.0000    0.0022  173.0000  
   32.8478  130.8061   -0.3595    7.4871   16.4893    1.0543  196.6519    4.8591    0.0741  251.8531    0.3225  203.1374    0.1764  209.1435    0.1048  178.7904    0.1637  191.0494    0.0852  188.6230    0.0867  173.0000    0.0893  173.0000    0.0121  173.0043  
   32.8378  130.7884   -1.9978    6.3400   16.4893    1.2594  218.0461    4.1667    0.3677  233.4926    0.3546  256.2388    0.1915  241.6913    0.1189  187.1979    0.0533  173.0000    0.0318  173.0000    0.0613  173.0000    0.1445  177.5967    0.1918  173.0000  
   32.8277  130.7707   -3.6361    5.1928   16.4893    1.3815  238.3470    3.5355    0.4513  263.0000    0.3429  224.7997    0.3367  247.5500    0.2019  263.0000    0.0467  183.3506    0.0266  173.0000    0.0000  218.0000    0.0067  173.0000    0.1952  173.0000  
% --------------------------------------------------------------------------------------------------
% SEGMENT #  2:  STRIKE =  205.0 deg       DIP =  72.0 deg 
%                   LEN  =  14.00 km       WID =  18.00 km 
%   depth to top:   Z2top = 1.99 km 
%   coordinates of top-center: 
%                   LAT =  32.7248 ,       LON = 130.7863 
%   hypocenter on SEG # 2 : along-strike (X) = 5.0 , down-dip (Z) = 11.0 
%   Nsbfs =  63 subfaults 
% -------------------------------------------------------------------------------------------------- 
%    LAT     LON     X==EW     Y==NS     Z     SLIP     TRUP     RAKE     TW1     rakeTW1     TW2     rakeTW2     TW3     rakeTW3     TW4     rakeTW4     TW5     rakeTW5     TW6     rakeTW6     TW7     rakeTW7     TW8     rakeTW8     TW9     rakeTW9    
% -------------------------------------------------------------------------------------------------- 
   32.7734  130.8143    4.7712    2.1887    1.9884    4.5605    4.4876  205.6058    0.3903  220.2306    0.4743  249.9738    0.4714  212.4664    0.3240  239.8224    0.7247  206.1308    0.6977  202.5567    0.5506  207.0997    0.5625  179.3750    0.7497  172.9999  
   32.7572  130.8050    3.9259    0.3761    1.9884    3.9496    4.2492  187.7225    0.3336  172.9998    0.2902  222.8735    0.3890  187.0224    0.3646  175.6460    0.6030  203.7992    0.7656  189.4287    0.5221  185.7091    0.2232  180.8873    0.5750  173.0000  
   32.7410  130.7956    3.0807   -1.4366    1.9884    2.7634    4.1667  184.6089    0.1291  172.9995    0.4079  173.0000    0.2316  173.0000    0.2620  183.0895    0.2838  182.5144    0.5413  211.6386    0.4603  188.7916    0.2322  173.0000    0.3024  173.0002  
   32.7248  130.7863    2.2355   -3.2492    1.9884    1.5865    4.2492  213.6577    0.3390  173.0002    0.0000  218.0000    0.2207  260.1119    0.4221  220.6107    0.2659  229.9417    0.2835  243.2060    0.2311  175.9311    0.0000  218.0000    0.0970  173.0000  
   32.7085  130.7769    1.3902   -5.0618    1.9884    1.6176    4.4876  217.4203    0.6528  173.0000    0.3708  216.2482    0.3011  263.0000    0.2635  254.0045    0.3501  231.2543    0.0191  262.9965    0.0000  218.0000    0.0070  173.0096    0.0000  218.0000  
   32.6923  130.7676    0.5450   -6.8744    1.9884    0.7959    4.8591  195.1216    0.1356  202.5617    0.0817  173.0000    0.2465  172.9997    0.1655  173.0000    0.1155  262.9994    0.0859  263.0000    0.1258  173.0005    0.0000  218.0000    0.0314  262.9979  
   32.6761  130.7583   -0.3002   -8.6870    1.9884    1.4747    5.3359  205.2113    0.1049  262.9994    0.0747  172.9991    0.4864  173.0000    0.3887  172.9996    0.0597  262.9989    0.0229  263.0000    0.2510  263.0000    0.0000  218.0000    0.4579  222.4065  
   32.7758  130.8084    4.2111    2.4499    3.8905    2.9411    3.7268  190.8914    0.0000  218.0000    0.4150  202.0576    0.4691  178.1608    0.4293  174.7891    0.2292  211.9587    0.2599  220.9186    0.4151  186.9627    0.3533  193.0838    0.4611  183.9859  
   32.7596  130.7990    3.3658    0.6372    3.8905    3.1096    3.4359  186.0498    0.1837  253.5043    0.4841  175.6655    0.3494  177.7255    0.4011  193.9209    0.3917  189.9843    0.1506  173.0000    0.2919  180.8379    0.5617  182.3867    0.4316  183.7603  
   32.7434  130.7897    2.5206   -1.1754    3.8905    2.4327    3.3333  187.3597    0.0569  263.0012    0.3548  216.7199    0.3962  172.9998    0.3015  173.0000    0.2376  208.5594    0.2654  206.4497    0.3807  173.0000    0.3768  173.0002    0.2309  177.1438  
   32.7272  130.7803    1.6753   -2.9880    3.8905    2.0312    3.4359  189.1950    0.3545  184.5094    0.1826  173.0000    0.1783  173.0000    0.1808  172.9996    0.3102  214.6132    0.2762  213.1945    0.1991  207.0826    0.3570  173.0000    0.0968  173.0000  
   32.7110  130.7710    0.8301   -4.8006    3.8905    1.6761    3.7268  188.0203    0.7107  173.0000    0.2656  173.0000    0.0802  173.0000    0.1408  263.0000    0.2707  220.3561    0.2579  194.4942    0.0312  173.0000    0.0433  173.0016    0.0646  173.0000  
   32.6948  130.7617   -0.0151   -6.6132    3.8905    0.5242    4.1667  185.1570    0.0000  218.0000    0.0073  263.0000    0.0680  263.0000    0.0000  218.0000    0.3317  179.0771    0.0995  173.0000    0.0000  218.0000    0.0000  218.0000    0.0832  173.0000  
   32.6785  130.7523   -0.8604   -8.4258    3.8905    0.8901    4.7140  206.0279    0.2532  262.9992    0.0000  173.0000    0.2428  173.0000    0.3528  173.0000    0.0541  173.0000    0.0965  173.0000    0.0000  218.0000    0.1798  263.0000    0.0522  263.0013  
   32.7783  130.8024    3.6509    2.7111    5.7926    1.7235    3.0046  190.1123    0.0765  263.0000    0.0617  263.0000    0.2378  202.0428    0.3106  173.6766    0.2506  173.0000    0.2267  173.0000    0.0950  211.9762    0.1921  214.9956    0.4391  181.0603  
   32.7621  130.7931    2.8057    0.8984    5.7926    1.8086    2.6352  190.4176    0.1664  263.0004    0.1579  262.9996    0.2391  185.4726    0.2723  177.4073    0.3293  175.6759    0.3213  188.8109    0.0698  193.5725    0.1715  173.0004    0.3461  175.8127  
   32.7458  130.7838    1.9605   -0.9142    5.7926    1.4501    2.5000  189.1889    0.0000  173.0000    0.1836  263.0000    0.1245  257.1399    0.2951  173.0000    0.2722  173.0000    0.2372  195.9968    0.1682  173.5348    0.0723  175.0354    0.3538  173.0002  
   32.7296  130.7744    1.1152   -2.7268    5.7926    1.9313    2.6352  188.5018    0.4268  235.2616    0.3687  178.5139    0.3025  173.0000    0.0934  173.0007    0.0966  173.0000    0.1980  188.2044    0.1513  177.7808    0.1167  173.0000    0.3464  179.3672  
   32.7134  130.7651    0.2700   -4.5394    5.7926    1.6526    3.0046  185.8731    0.1404  238.9929    0.3950  172.9998    0.1925  193.0455    0.1296  173.0000    0.0747  173.0000    0.1733  209.9397    0.2750  187.7112    0.1829  172.9996    0.1863  173.0004  
   32.6972  130.7557   -0.5753   -6.3520    5.7926    1.0481    3.5355  186.5544    0.1964  231.0894    0.2433  172.9997    0.2135  173.0003    0.0000  218.0000    0.0063  173.0000    0.3105  187.7215    0.1517  172.9996    0.0000  218.0000    0.0000  218.0000  
   32.6810  130.7464   -1.4205   -8.1646    5.7926    0.5977    4.1667  233.3128    0.0000  218.0000    0.1652  263.0000    0.1062  262.9475    0.1290  173.0000    0.1669  173.0000    0.0000  218.0000    0.0000  218.0000    0.0530  263.0000    0.1949  263.0000  
   32.7807  130.7965    3.0908    2.9723    7.6947    1.2266    2.3570  199.7213    0.1591  262.9991    0.0428  263.0000    0.1702  206.7171    0.2087  210.0046    0.1002  173.0000    0.2279  173.0000    0.1631  173.0000    0.2177  182.7800    0.1234  221.5957  
   32.7645  130.7872    2.2456    1.1596    7.6947    0.7637    1.8634  193.6312    0.0000  218.0000    0.1130  263.0000    0.1044  263.0000    0.1078  173.0000    0.1112  179.2523    0.1760  181.3289    0.2167  175.3982    0.0241  184.9291    0.0820  173.0000  
   32.7483  130.7778    1.4003   -0.6530    7.6947    0.9327    1.6667  209.0005    0.3192  262.9998    0.0000  218.0000    0.2081  175.8852    0.0971  241.3729    0.0332  173.0000    0.2532  173.0000    0.1918  214.9547    0.0194  173.0000    0.0625  173.0000  
   32.7321  130.7685    0.5551   -2.4656    7.6947    1.1706    1.8634  205.9874    0.5193  254.3723    0.0000  218.0000    0.1257  173.0000    0.3179  186.7379    0.1673  173.0245    0.0393  173.0000    0.0956  203.3511    0.1054  173.0000    0.0749  173.0000  
   32.7159  130.7591   -0.2902   -4.2782    7.6947    1.4161    2.3570  187.3857    0.1211  262.9995    0.1774  189.9018    0.2173  192.0188    0.3103  192.2141    0.0489  180.2739    0.0321  173.0000    0.2081  173.0000    0.1186  173.0000    0.2963  173.0000  
   32.6996  130.7498   -1.1354   -6.0908    7.6947    1.5280    3.0046  181.6062    0.2782  172.9998    0.0539  173.0000    0.2882  218.3237    0.3226  177.2201    0.0000  218.0000    0.0556  173.0000    0.4270  173.0000    0.1029  173.0000    0.0690  173.0000  
   32.6834  130.7405   -1.9806   -7.9034    7.6947    0.9033    3.7268  215.0122    0.0161  173.0000    0.2720  263.0000    0.2670  210.1101    0.1533  173.0000    0.0959  173.0000    0.1379  173.0000    0.0000  218.0000    0.0854  262.9992    0.1022  230.4404  
   32.7832  130.7906    2.5307    3.2334    9.5968    0.7843    1.8634  203.0589    0.0000  173.0000    0.0297  263.0023    0.1284  263.0000    0.1914  246.9572    0.1142  173.0000    0.0687  173.0000    0.1451  173.0000    0.1261  173.0000    0.1792  189.4717  
   32.7669  130.7812    1.6854    1.4208    9.5968    0.3742    1.1785  202.0285    0.0000  218.0000    0.0000  218.0000    0.0655  263.0000    0.0715  263.0000    0.1284  173.0000    0.0269  193.2887    0.0665  173.0000    0.0935  173.0000    0.0377  242.0819  
   32.7507  130.7719    0.8402   -0.3918    9.5968    0.6925    0.8333  192.0941    0.0000  154.5651    0.0000  308.0000    0.0000  218.0000    0.2863  192.4158    0.1891  182.9783    0.0034  173.0000    0.1294  173.0000    0.1030  223.6707    0.0189  263.0000  
   32.7345  130.7626   -0.0050   -2.2044    9.5968    1.0598    1.1785  211.1500    0.4425  241.1303    0.1553  253.5404    0.0094  173.0000    0.1780  173.0000    0.2127  181.3433    0.1805  173.0000    0.0406  200.0098    0.0416  263.0000    0.0286  173.0000  
   32.7183  130.7532   -0.8503   -4.0170    9.5968    1.4091    1.8634  180.7033    0.2568  173.0000    0.0000  218.0000    0.2890  173.0000    0.2986  196.1301    0.1663  198.4925    0.0303  173.0000    0.1090  173.0000    0.1625  173.0000    0.1241  173.0000  
   32.7021  130.7439   -1.6955   -5.8296    9.5968    1.7672    2.6352  188.5703    0.2875  196.0173    0.1564  204.3165    0.2637  211.3356    0.2598  191.9796    0.2111  173.0000    0.1032  173.0000    0.1886  173.0000    0.2405  173.0000    0.1129  189.7781  
   32.6859  130.7346   -2.5408   -7.6423    9.5968    1.2219    3.4359  190.0257    0.2376  173.0000    0.0980  213.1603    0.2599  204.0918    0.2533  193.2364    0.2182  173.0000    0.1621  173.0000    0.0000  218.0000    0.0727  263.0000    0.0152  173.0000  
   32.7856  130.7847    1.9705    3.4946   11.4989    0.8086    1.6667  220.7841    0.1058  263.0006    0.0959  263.0007    0.1262  262.9995    0.2074  263.0000    0.0965  195.6188    0.1145  173.0000    0.0881  172.9992    0.0663  173.0000    0.1872  181.1260  
   32.7694  130.7753    1.1253    1.6820   11.4989    0.2081    0.8333  233.2074    0.0000  329.8014    0.0000  218.0000    0.0696  263.0000    0.0369  262.9982    0.0792  204.7850    0.0315  185.8269    0.0000  218.0000    0.0000  218.0000    0.0260  251.1168  
   32.7532  130.7660    0.2801   -0.1306   11.4989    1.5470    0.0000  238.3170    0.9072  259.7547    0.2930  263.0009    0.1243  263.0011    0.0000  218.0000    0.1406  205.8431    0.2816  173.6390    0.0000  218.0000    0.0575  173.0000    0.1375  174.3503  
   32.7369  130.7566   -0.5652   -1.9432   11.4989    0.9293    0.8333  205.4285    0.4246  263.0000    0.0000  218.0000    0.0937  181.5768    0.1946  182.5952    0.2413  173.0000    0.1546  173.0000    0.1075  187.7424    0.0000  218.0000    0.0000  218.0000  
   32.7207  130.7473   -1.4104   -3.7558   11.4989    1.4299    1.6667  177.1750    0.2058  173.0003    0.0000  218.0000    0.3238  173.0000    0.3368  185.4133    0.0839  191.8838    0.0317  173.0000    0.1580  173.0000    0.1631  173.0000    0.1355  174.9246  
   32.7045  130.7380   -2.2556   -5.5684   11.4989    1.8812    2.5000  183.8963    0.2148  173.0000    0.2461  209.5141    0.2861  207.8154    0.1485  173.0000    0.2198  179.9971    0.2015  178.4210    0.1617  173.0000    0.2553  173.0000    0.2154  173.0000  
   32.6883  130.7286   -3.1009   -7.3811   11.4989    1.4223    3.3333  182.9320    0.2711  173.0000    0.2630  173.0000    0.2116  173.0000    0.2586  226.4748    0.2954  180.2980    0.1770  173.0000    0.0000  218.0000    0.0000  218.0000    0.0315  173.0000  
   32.7880  130.7787    1.4104    3.7558   13.4011    1.2232    1.8634  221.3758    0.4341  263.0002    0.2803  263.0000    0.0110  263.0000    0.0509  263.0000    0.1402  196.4891    0.1221  173.0000    0.0421  173.0000    0.1206  173.0000    0.4075  184.6565  
   32.7718  130.7694    0.5652    1.9432   13.4011    0.3960    1.1785  221.0930    0.0283  263.0000    0.0932  263.0000    0.0844  263.0000    0.1397  173.0000    0.0756  173.0000    0.0000  218.0000    0.0712  219.3255    0.0374  263.0000    0.0000  218.0000  
   32.7556  130.7600   -0.2801    0.1306   13.4011    0.8320    0.8333  202.4754    0.0000  161.6901    0.2266  262.9997    0.2069  178.6305    0.2243  176.3556    0.2016  173.0000    0.0928  173.0007    0.0000  218.0000    0.0714  263.0000    0.0780  263.0000  
   32.7394  130.7507   -1.1253   -1.6820   13.4011    0.9947    1.1785  184.0352    0.0000  353.0000    0.1276  211.5167    0.2417  173.0000    0.1896  173.0000    0.1408  194.2640    0.0794  177.0842    0.0000  218.0000    0.0456  212.0149    0.2010  180.2955  
   32.7232  130.7414   -1.9705   -3.4946   13.4011    1.3661    1.8634  190.0945    0.0000  353.0000    0.1112  173.0000    0.3536  199.5719    0.1470  227.6161    0.0733  172.9991    0.0673  173.0000    0.1821  173.0000    0.2428  197.0197    0.2500  178.6776  
   32.7070  130.7320   -2.8158   -5.3073   13.4011    1.6933    2.6352  191.8613    0.2501  240.8098    0.2467  234.3886    0.1123  179.1282    0.1399  173.0000    0.2410  173.0000    0.2390  181.9472    0.2178  186.2998    0.2671  173.0000    0.1820  173.0000  
   32.6907  130.7227   -3.6610   -7.1199   13.4011    1.0346    3.4359  182.1129    0.0612  173.0000    0.1293  173.0000    0.1535  172.9996    0.2489  177.3930    0.2009  182.2279    0.1267  173.0000    0.0943  173.0000    0.0931  263.0000    0.0220  235.6578  
   32.7905  130.7728    0.8503    4.0170   15.3032    0.9626    2.3570  192.9804    0.0421  263.0000    0.0000  218.0000    0.0453  231.9115    0.0998  196.9047    0.0509  181.9068    0.0212  172.9976    0.1091  180.5293    0.2921  192.1156    0.3461  188.0229  
   32.7743  130.7634    0.0050    2.2044   15.3032    0.6783    1.8634  206.3186    0.1764  263.0000    0.0000  398.0000    0.0882  173.0000    0.0000  218.0000    0.0802  242.5103    0.0683  201.4098    0.0000  218.0000    0.0817  177.9786    0.3196  187.7585  
   32.7580  130.7541   -0.8402    0.3918   15.3032    1.0361    1.6667  186.1785    0.3515  182.7997    0.1468  182.1482    0.0717  173.0000    0.0404  173.0013    0.0000  218.0000    0.0498  263.0000    0.0885  197.4322    0.1487  173.0000    0.1883  193.7156  
   32.7418  130.7448   -1.6854   -1.4208   15.3032    1.1853    1.8634  180.6134    0.4006  176.1582    0.1480  173.0000    0.0373  211.1095    0.0462  211.0819    0.0378  173.0000    0.0384  184.2840    0.1291  183.9467    0.2170  174.5972    0.1491  190.7184  
   32.7256  130.7354   -2.5307   -3.2334   15.3032    1.2157    2.3570  190.5374    0.2456  204.1989    0.1529  210.8028    0.0442  263.0000    0.0539  173.0000    0.0810  173.0000    0.1173  187.3676    0.1769  187.8938    0.2134  178.8365    0.1965  174.4151  
   32.7094  130.7261   -3.3759   -5.0461   15.3032    1.0528    3.0046  191.8642    0.2515  263.0000    0.1147  173.0000    0.1180  173.0000    0.1418  173.0000    0.1230  198.8845    0.1358  180.8700    0.2085  173.2526    0.1489  179.0330    0.0199  173.0000  
   32.6932  130.7168   -4.2211   -6.8587   15.3032    0.7593    3.7268  181.8268    0.1043  173.0000    0.1211  173.8919    0.0994  184.8502    0.1106  173.0000    0.1166  173.0000    0.1215  176.8328    0.1170  220.3944    0.0000  218.0000    0.0000  218.0000  
   32.7929  130.7669    0.2902    4.2782   17.2053    1.4270    3.0046  185.0785    0.0807  183.6883    0.2063  182.4315    0.0770  173.0000    0.0139  263.0037    0.0633  188.8868    0.2213  187.0171    0.3350  193.3059    0.3162  181.8593    0.1334  173.0000  
   32.7767  130.7575   -0.5551    2.4656   17.2053    1.2135    2.6352  186.2830    0.1434  173.0000    0.0000  218.0000    0.0473  227.3426    0.0478  186.1220    0.0000  218.0000    0.1061  187.3374    0.3078  187.5148    0.3068  190.3013    0.2719  180.3556  
   32.7605  130.7482   -1.4003    0.6530   17.2053    0.8522    2.5000  186.5327    0.0000  218.0000    0.0000  218.0000    0.0576  263.0000    0.0240  183.9604    0.0646  173.0008    0.1522  176.3875    0.1859  195.3995    0.2062  187.6982    0.2172  174.3581  
   32.7443  130.7388   -2.2456   -1.1596   17.2053    0.9207    2.6352  184.4524    0.0000  218.0000    0.0000  218.0000    0.0580  230.3428    0.0649  204.9361    0.0929  173.0000    0.1948  179.8561    0.1924  195.8195    0.1486  173.6822    0.2038  173.0002  
   32.7280  130.7295   -3.0908   -2.9723   17.2053    0.8685    3.0046  185.2779    0.0289  262.9982    0.0000  218.0000    0.0695  202.4057    0.1428  182.8968    0.1516  176.0948    0.1797  187.2957    0.2217  177.1503    0.1007  172.9995    0.0285  263.0000  
   32.7118  130.7202   -3.9360   -4.7849   17.2053    0.9032    3.5355  185.7788    0.1363  173.0000    0.0357  172.9986    0.1218  210.7274    0.1277  173.0000    0.1422  173.0004    0.2110  188.7800    0.1404  179.1201    0.0000  218.0000    0.0529  263.0000  
   32.6956  130.7108   -4.7813   -6.5975   17.2053    0.6744    4.1667  204.0932    0.0929  179.0691    0.0507  263.0000    0.0621  173.0000    0.1237  173.0000    0.1206  194.4245    0.1355  189.1853    0.0570  173.0000    0.0424  263.0000    0.1636  263.0003  
